File name:	ALC007
Date:	12/7/2000
UTM Grid Zone:	10S
"UTM-X, m:"	567309
"UTM-Y, m:"	4177908
Datum:	1927 NAD
"Elevation, m:"	0.5
"Total depth, m:"	20.85
"Water depth, m:"	0.5
City:	Alameda
County:	Alameda
State:	CA
USGS Quadrangle:	San Leandro
Cone No.:	660
Source:	USGS
"Surface horiz. offset (seismic source to CPT), m:"	0.96

Depth (m)	Tip Resistance (MN/m2)	Sleeve Friction (kN/m2)	Inclination (degree)	S-wave travel time (ms)
0.05	49.96	82.4	0.21	
0.1	61.15	175	0.08	
0.15	34.57	223.1	0.08	
0.2	25.02	216.7	0.06	
0.25	22.79	160.9	0.06	
0.3	18.55	253.2	0.07	
0.35	20.05	185.3	0.08	
0.4	12.86	476.8	0.06	
0.45	13.55	261.5	0.35	
0.5	10.13	228	0.04	
0.55	16.75	115.5	0.03	
0.6	14.09	306.5	0.04	
0.65	17.79	178.4	0.05	
0.7	9.77	34	0.04	
0.75	7.24	33.8	0.05
0.8	7.81	14.1	0.07
0.85	5.25	17.5	0.03
0.9	4.57	19.3	0.05
0.95	6.49	79.5	0.13
1	8.42	9.9	0.41
1.05	10.12	10.4	0.52
1.1	13.01	24.2	0.68
1.15	15.36	82	0.92
1.2	15	54.7	1.13
1.25	8.1	57.2	1.08
1.3	5.29	110.6	0.95
1.35	6.51	9	1.09
1.4	6.15	62.6	1.02
1.45	6.76	81.2	0.7
1.5	4.25	47.1	0.97
1.55	4.32	14.7	0.99	
1.6	2.79	3.9	1.06	
1.65	2.26	3.9	1.06	
1.7	2.65	14.8	1.03	
1.75	4.21	22.2	1.04	6.62
1.8	6.08	43.7	1.05	
1.85	6.33	63.3	1.07	
1.9	5.84	56.3	1.08	
1.95	5.07	57	1.09	
2	3.4	26.8	1.39	
2.05	3.66	21.3	1.43	
2.1	3.54	11.8	1.32	
2.15	2.93	27.2	1.39	
2.2	2.36	27.7	1.44	
2.25	2.04	25.5	1.44	
2.3	2.17	2.4	1.45	
2.35	1.86	10.4	1.56
2.4	1.51	31.6	1.56
2.45	1.47	48.4	1.73
2.5	1.08	36.1	1.74
2.55	2.26	53.5	1.76
2.6	5.88	55.3	1.8
2.65	4.67	53.6	1.83
2.7	2.19	39.6	1.85
2.75	3.49	35.6	1.88
2.8	2.85	28.1	2
2.85	1.8	33.9	2.01
2.9	1.1	32.1	2
2.95	0.99	38.2	2
3	2.07	44.6	2.02
3.05	0.83	38.1	2.07
3.1	3.05	24.7	2.06
3.15	5.51	27.4	2.02
3.2	6.7	21.6	2.06
3.25	6.26	20.3	2.05
3.3	7.36	23.6	2.03
3.35	6.26	23.7	2.02
3.4	5.53	24.5	2.07
3.45	5.11	17	2.08
3.5	3.98	14.5	2.08
3.55	3.28	11.2	2.22
3.6	2.27	30.9	2.22
3.65	0.95	25.9	2.22
3.7	0.36	15.8	2.23
3.75	0.6	4.6	2.22	17.64
3.8	0.5	3.9	2.23
3.85	0.43	2.6	2.21
3.9	0.46	2.8	2.27
3.95	0.47	5	2.27	
4	0.51	3.5	2.27	
4.05	0.4	2.9	2.26	
4.1	0.3	1.5	2.26	
4.15	0.36	1.6	2.27	
4.2	0.35	1	2.26	
4.25	0.32	1	2.26	
4.3	0.41	0.9	2.26	
4.35	0.28	0.6	2.27	
4.4	0.41	0.1	2.27	
4.45	0.48	1.1	2.23	
4.5	0.27	1.1	2.24	
4.55	0.27	1.4	2.23	
4.6	0.38	0	2.24	
4.65	0.31	1.1	2.24	
4.7	0.33	0.4	2.31	
4.75	0.39	0.7	2.3
4.8	0.42	0.6	2.31
4.85	0.28	-0.5	2.31
4.9	0.3	-0.6	2.34
4.95	0.45	-0.4	2.34
5	0.38	-0.9	2.35
5.05	0.41	0.4	2.34
5.1	0.39	-0.4	2.35
5.15	0.28	-0.1	2.35
5.2	0.49	1.3	2.38
5.25	0.26	-0.5	2.38
5.3	0.23	1	2.38
5.35	0.35	1.4	2.4
5.4	0.37	0.9	2.4
5.45	0.32	0.6	2.39
5.5	0.39	-0.9	2.42
5.55	0.4	0.2	2.43	
5.6	0.34	0.9	2.42	
5.65	0.34	-0.6	2.43	
5.7	0.28	0.6	2.46	
5.75	0.47	0.4	2.48	43.08
5.8	0.47	-1	2.46	
5.85	0.41	-0.8	2.47	
5.9	0.27	0.3	2.45	
5.95	0.48	1.3	2.41	
6	0.45	1.6	2.41	
6.05	0.3	1.9	2.47	
6.1	0.35	1.1	2.48	
6.15	0.37	1.2	2.48	
6.2	0.28	-0.9	2.48	
6.25	0.35	0.8	2.5	
6.3	0.45	0.7	2.51	
6.35	0.37	0.3	2.5
6.4	0.34	0.4	2.5
6.45	0.39	0.5	2.52
6.5	0.47	0.5	2.47
6.55	0.51	0.3	2.48
6.6	0.52	-0.5	2.48
6.65	0.51	-0.3	2.51
6.7	0.39	-0.5	2.58
6.75	0.45	0.6	2.58
6.8	0.48	0.5	2.59
6.85	0.53	0.4	2.58
6.9	0.56	-0.4	2.57
6.95	0.33	-0.8	2.58
7	0.49	0.6	2.6
7.05	0.41	0.3	2.61
7.1	0.4	-0.3	2.61
7.15	0.5	1	2.62
7.2	0.53	1.7	2.63
7.25	0.41	3.1	2.71
7.3	0.65	1.7	2.71
7.35	0.64	3.3	2.71
7.4	0.6	3.5	2.71
7.45	0.49	3.5	2.73
7.5	0.51	3.7	2.84
7.55	0.41	1.3	2.84
7.6	0.48	2.2	2.82
7.65	0.45	0.8	2.83
7.7	0.38	1.9	2.83
7.75	0.48	0.8	2.8	63.77
7.8	0.34	1	2.79
7.85	0.35	-0.5	2.79
7.9	0.51	0.4	2.89
7.95	0.43	1.6	2.78	
8	0.36	1.4	2.77	
8.05	0.44	2.3	2.78	
8.1	0.4	1.5	2.78	
8.15	0.36	0.8	2.78	
8.2	0.38	1.1	2.78	
8.25	0.43	0.6	2.78	
8.3	0.37	-0.8	2.82	
8.35	0.48	0.5	2.8	
8.4	0.59	0.1	2.8	
8.45	0.5	1.1	2.81	
8.5	0.54	2.1	2.81	
8.55	0.4	2.5	2.85	
8.6	0.46	2.4	2.85	
8.65	0.41	1.6	2.86	
8.7	0.48	0.8	2.87	
8.75	0.4	1.3	2.87
8.8	0.55	1.3	2.88
8.85	0.46	1.8	2.89
8.9	0.48	-0.3	2.89
8.95	0.43	-1	2.93
9	0.61	-1.1	2.93
9.05	0.57	0.4	2.94
9.1	0.5	0.1	2.95
9.15	0.5	-0.4	2.94
9.2	0.34	-0.5	3
9.25	0.6	1.3	2.98
9.3	0.45	2.1	2.99
9.35	0.38	0.6	2.98
9.4	0.55	-0.8	2.98
9.45	0.47	0.3	3.03
9.5	0.53	0.8	3.04
9.55	0.53	-0.1	3.03	
9.6	0.59	1.9	3.03	
9.65	0.56	1	3.03	
9.7	0.48	1.5	3.03	
9.75	0.55	0.2	3.03	86.12	
9.8	0.5	2.1	3.02	
9.85	0.61	1.4	3.04	
9.9	0.41	2.4	3.03	
9.95	0.45	3.1	3.23	
10	0.5	3	3.23	
10.05	0.49	1.9	3.12	
10.1	0.5	2.2	3.11	
10.15	0.36	2.8	3.12	
10.2	0.65	2.9	3.12	
10.25	0.49	1	3.12	
10.3	0.46	1.2	3.16	
10.35	0.66	1.1	3.17
10.4	0.57	0.8	3.17
10.45	0.43	2.6	3.16
10.5	0.55	2.4	3.18
10.55	0.54	1.3	3.17
10.6	0.43	0.9	3.18
10.65	0.49	2.5	3.18
10.7	0.71	2.7	3.2
10.75	0.56	3	3.29
10.8	0.47	3.2	3.29
10.85	0.57	3.5	3.29
10.9	0.49	2.5	3.29
10.95	0.48	2.6	3.29
11	0.61	0.9	3.32
11.05	0.56	1.1	3.33
11.1	0.71	2.3	3.34
11.15	0.62	1.3	3.34
11.2	0.51	2.1	3.33
11.25	0.64	3.5	3.34
11.3	0.52	2.4	3.35
11.35	0.54	3.3	3.32
11.4	0.67	2.3	3.33
11.45	0.57	3.4	3.38
11.5	0.52	1.5	3.38
11.55	0.55	1	3.37
11.6	0.73	2.4	3.39
11.65	0.7	0.3	3.39
11.7	0.42	2.2	3.43
11.75	0.68	14.3	3.42	106.36
11.8	1.34	9.5	3.43
11.85	0.8	12.6	3.41
11.9	0.6	11.5	3.41
11.95	0.58	6	3.41	
12	0.58	5.1	3.42
12.05	0.71	2.9	3.42	
12.1	0.6	4.2	3.43	
12.15	0.72	1.4	3.43	
12.2	0.52	2.4	3.42	
12.25	0.62	2.9	3.43	
12.3	0.7	1.8	3.48	
12.35	0.53	1.5	3.53	
12.4	0.66	3.7	3.47	
12.45	0.67	2.1	3.49	
12.5	0.56	2.9	3.5	
12.55	0.64	2.2	3.5	
12.6	0.45	2.6	3.5	
12.65	0.69	2.3	3.56	
12.7	0.65	3.5	3.6	
12.75	0.62	2.8	3.61
12.8	0.59	2.8	3.61
12.85	0.52	2.8	3.62
12.9	0.5	3.3	3.62
12.95	0.55	1.4	3.62
13	0.6	1.9	3.62
13.05	0.65	0	3.67
13.1	0.55	-0.1	3.67
13.15	0.65	-0.1	3.67
13.2	0.67	0.2	3.68
13.25	0.85	2.9	3.67
13.3	0.78	2.7	3.68
13.35	0.56	2.7	3.68
13.4	0.62	3.4	3.76
13.45	0.55	2.3	3.76
13.5	0.59	2.6	3.77
13.55	0.51	4.5	3.76	
13.6	0.63	5.2	3.77	
13.65	0.68	4.3	3.77	
13.7	0.55	3.6	3.85	
13.75	0.59	3.1	3.85	124.03
13.8	0.68	3.2	3.85	
13.85	0.72	4.6	3.85	
13.9	0.65	6.9	3.86	
13.95	0.82	8.5	3.86	
14	0.79	11.1	3.86	
14.05	0.81	8.8	3.86	
14.1	0.81	6.7	3.87	
14.15	0.7	5.6	3.88	
14.2	0.7	5.9	3.87	
14.25	0.76	10.7	3.87	
14.3	0.84	12.4	3.88	
14.35	0.75	10.8	3.87
14.4	0.77	11	3.98
14.45	0.79	14.1	3.97
14.5	0.74	22.1	3.97
14.55	0.92	34.5	3.97
14.6	1.23	50.7	3.97
14.65	1.33	58.2	3.97
14.7	1.56	65.3	3.98
14.75	1.56	65.3	3.97
14.8	1.52	58.8	3.98
14.85	1.69	57	3.87
14.9	1.64	59.7	3.87
14.95	1.57	59.1	3.88
15	1.54	55.8	3.87
15.05	1.51	54.1	3.98
15.1	1.54	41.2	3.98
15.15	1.38	32.2	3.98
15.2	1.21	24.8	3.98
15.25	1.37	20.7	3.97
15.3	1.24	20	3.99
15.35	1.33	20.2	3.99
15.4	1.15	16	3.98
15.45	1.04	16.9	4.03
15.5	1.03	16.1	4.05
15.55	1.07	24.4	4.1
15.6	1.36	19	4.15
15.65	1.13	10.4	4.16
15.7	1.14	8.2	4.2
15.75	1.02	13.2	4.2
15.8	1.11	12.9	4.2	135.55
15.85	0.79	13.3	4.22
15.9	0.82	6.9	4.31
15.95	0.71	7.1	4.31	
16	0.83	15.8	4.31	
16.05	0.93	12.5	4.33	
16.1	1.24	9.1	4.27	
16.15	1.01	10.9	4.28	
16.2	1.18	32.5	4.28	
16.25	1.52	21.4	4.3	
16.3	1.38	16.7	4.34	
16.35	1.13	43.7	4.35	
16.4	1.51	52	4.35	
16.45	3.42	86.4	4.35	
16.5	4.93	82.7	4.34	
16.55	6.77	57.7	4.35	
16.6	11.42	34.1	4.43	
16.65	12.47	19.9	4.42	
16.7	11.38	29.8	4.44	
16.75	8.97	80.4	4.78
16.8	7.7	69.3	4.78
16.85	6.6	45.9	4.79
16.9	5.52	38.9	4.77
16.95	3.05	53	4.79
17	1.72	87.8	4.79
17.05	7.11	84.7	4.97
17.1	10.97	87.3	5.17
17.15	12.78	159.9	5.16
17.2	14.7	209.9	5.18
17.25	18.23	228.2	5.19
17.3	21.18	246.6	5.25
17.35	22.77	261.3	5.26
17.4	25.75	253.4	5.31
17.45	28.94	202.7	5.31
17.5	28.51	190.3	5.26
17.55	27.55	192	5.26	
17.6	25.77	170.9	5.25	
17.65	23.45	170.9	5.24	
17.7	22.06	199.6	5.25	
17.75	23.99	214.1	5.24	145.34	
17.8	27.38	204.4	5.28	
17.85	28.7	163.1	5.28	
17.9	28.11	128.4	5.29	
17.95	27.64	112.9	5.29	
18	25.81	99.6	5.29	
18.05	24.88	75.5	5.26	
18.1	24.57	88.2	5.28	
18.15	22.19	100.8	5.28	
18.2	20.32	91.2	5.29	
18.25	19.02	71	5.3	
18.3	18.07	42.8	5.3	
18.35	17.12	35.1	5.3
18.4	15.93	36.3	5.45
18.45	15.36	26.2	5.48
18.5	15.3	40.6	5.55
18.55	16.32	63	5.55
18.6	16.57	60.3	5.55
18.65	16.71	50.6	5.56
18.7	16.55	77.2	5.56
18.75	16.72	78.9	5.56
18.8	18.09	58.6	5.55
18.85	18.83	46.6	5.72
18.9	19.04	52.7	5.72
18.95	18.74	54	5.72
19	18.99	63.1	5.73
19.05	20.06	51.4	5.72
19.1	20.33	50.9	5.72
19.15	18.87	77.7	5.94
19.2	22.28	88.9	5.95
19.25	24.53	74.6	5.81
19.3	24.56	65	5.74
19.35	22.87	73.7	5.76
19.4	20.27	50.6	5.78
19.45	17.94	29	5.81
19.5	16.2	56.7	5.82
19.55	14.33	134.8	5.77
19.6	12.78	191.2	5.7
19.65	14.62	127.5	5.69
19.7	19.47	75.1	5.65
19.75	20.78	67.1	5.62	152.21
19.8	20.87	61.4	5.65
19.85	21.41	106.7	5.68
19.9	22.54	135.4	5.75
19.95	23.69	128.2	5.79	
20	23.72	113.7	5.93	
20.05	22.36	71.7	6	
20.1	21.63	116.8	6.16	
20.15	19.76	125.4	6.35	
20.2	21.22	117.7	6.63	
20.25	19.92	134.6	6.87	
20.3	20.72	100.6	7.02	
20.35	19.98	136.6	7.02	
20.4	20.07	104.2	7.14	
20.45	18.77	103.2	7.24	
20.5	16.93	108	7.38	
20.55	15.63	106.1	7.49	
20.6	14.94	105.6	7.63	155.74
20.65	15.07	115.4	7.68	
20.7	20.63	271.3	7.79	
20.75	25.8	512.8	8.04	
20.8	22.92	-32768	8.73	
20.85	16.96	-32768	8.89	
