File name:	ALC012
Date:	1/12/2001
UTM Grid Zone:	10S
"UTM-X, m:"	567186
"UTM-Y, m:"	4177231
Datum:	1927 NAD
"Elevation, m:"	1
"Total depth, m:"	30
"Water depth, m:"	
City:	Alameda
County:	Alameda
State:	CA
USGS Quadrangle:	Oakland West
Cone No.:	660
Source:	USGS
"Surface horiz. offset (seismic source to CPT), m:"	0.96

Depth (m)	Tip Resistance (MN/m2)	Sleeve Friction (kN/m2)	Inclination (degree)	S-wave travel time (ms)
0.05	3.05	56.1	0.1	
0.1	45.62	142.8	0.83	
0.15	32.92	206.1	0.25	
0.2	34.35	259.2	0.23	
0.25	33.43	273.1	0.22	
0.3	35.02	485.2	0.19	
0.35	38.88	490.8	0.21	
0.4	33.73	556.7	0.2	
0.45	31.45	567.7	0.18	
0.5	30.43	623.5	0.17	
0.55	30.09	576.9	0.16	
0.6	29.04	625	0.18	
0.65	27.39	593.1	0.19	
0.7	24.35	518.3	0.2	
0.75	21.92	249.9	0.22
0.8	20.82	240	0.22
0.85	19.1	260.7	0.22
0.9	20.51	280.6	0.22
0.95	19.06	314.1	0.23
1	16.66	313.7	0.21
1.05	13.51	321.5	0.22
1.1	10.68	307.6	0.19
1.15	14.14	251.3	0.16
1.2	18.47	208.3	0.18
1.25	20.43	206.9	0.15
1.3	21.43	229.3	0.17
1.35	21.67	234.4	0.16
1.4	21.64	246.8	0.18
1.45	21.24	268.8	0.17
1.5	20.19	266.2	0.14
1.55	19.48	231.7	0.14	
1.6	19.69	224.9	0.12	
1.65	19.73	236.5	0.13	
1.7	19.72	234.9	0.12	
1.75	19.09	229.9	0.12	10.5
1.8	17.88	235.7	0.12	
1.85	15.08	159.4	0.12	
1.9	9.63	157.4	0.11	
1.95	4.67	157.3	0.16	
2	5.21	155.2	0.16	
2.05	2.38	95.1	0.15	
2.1	1.27	64.5	0.17	
2.15	14.63	14.6	0.17	
2.2	17.7	107.6	0.18	
2.25	6.91	159	0.18	
2.3	18.29	184.5	0.18	
2.35	18.06	195.7	0.2
2.4	17.89	199.6	0.18
2.45	17.58	198.7	0.14
2.5	16.91	195.7	0.25
2.55	16.35	199.4	0.18
2.6	15.69	179.2	0.18
2.65	15.72	163.4	0.19
2.7	16.43	153	0.19
2.75	16.76	157.2	0.21
2.8	16.21	153.9	0.2
2.85	15.69	142.4	0.21
2.9	15.41	140.4	0.24
2.95	15.06	106.1	0.23
3	14.04	117	0.21
3.05	12.56	115.7	0.23
3.1	12.69	104.5	0.24
3.15	12.17	97.7	0.24
3.2	11.85	94.7	0.25
3.25	11.09	88.1	0.25
3.3	10.59	84.8	0.24
3.35	9.84	81.3	0.21
3.4	8.83	83.3	0.29
3.45	7.78	86	0.22
3.5	6.46	92.8	0.26
3.55	4.7	115.1	0.35
3.6	2.75	80.9	0.19
3.65	1.77	40.8	0.29
3.7	7.53	46.5	0.27
3.75	7.04	57.4	0.28	19.87
3.8	5.37	83.6	0.28
3.85	3.2	81.2	0.3
3.9	1.15	50.9	0.32
3.95	0.73	24.5	0.29	
4	2.07	12.2	0.28	
4.05	1.9	13.4	0.31	
4.1	1.36	14.8	0.31	
4.15	1.41	13.8	0.32	
4.2	0.86	8.6	0.31	
4.25	0.59	6	0.3	
4.3	0.44	4.9	0.31	
4.35	0.54	8.2	0.31	
4.4	0.5	12.3	0.33	
4.45	0.51	13.1	0.35	
4.5	0.64	16.5	0.33	
4.55	0.63	21.1	0.35	
4.6	0.67	28.1	0.36	
4.65	0.67	31.9	0.36	
4.7	0.64	31.1	0.35	
4.75	0.66	26	0.36
4.8	0.57	24.8	0.36
4.85	0.61	24.6	0.36
4.9	0.61	23.7	0.35
4.95	0.53	17.1	0.35
5	0.66	11.9	0.35
5.05	0.61	9.6	0.3
5.1	0.62	10	0.31
5.15	0.53	8.7	0.31
5.2	0.64	8.3	0.3
5.25	0.54	10	0.29
5.3	0.52	9.6	0.28
5.35	0.62	11.8	0.29
5.4	0.63	11.4	0.31
5.45	0.59	10.4	0.31
5.5	0.61	10.9	0.32
5.55	0.62	10.6	0.31	
5.6	0.6	10.8	0.31	
5.65	0.58	9.1	0.31	
5.7	0.45	7.7	0.32	
5.75	0.47	7.4	0.32	36.81	
5.8	0.4	6	0.33	
5.85	0.44	4.9	0.33	
5.9	0.44	5.8	0.33	
5.95	0.32	3.1	0.33	
6	0.4	2.3	0.33	
6.05	0.34	2.8	0.36	
6.1	0.35	2.6	0.36	
6.15	0.4	2.7	0.36	
6.2	0.41	2.1	0.36	
6.25	0.38	2	0.36	
6.3	0.37	2.1	0.37	
6.35	0.36	1.5	0.37
6.4	0.49	2.7	0.36
6.45	0.41	2.8	0.36
6.5	0.39	2.1	0.36
6.55	0.39	2.7	0.39
6.6	0.33	2.1	0.39
6.65	0.42	3.2	0.4
6.7	0.39	3.3	0.4
6.75	0.4	2.1	0.39
6.8	0.39	2.9	0.39
6.85	0.28	2.9	0.4
6.9	0.33	2.6	0.39
6.95	0.44	1.8	0.39
7	0.42	1.4	0.39
7.05	0.46	1.6	0.4
7.1	0.46	-0.2	0.4
7.15	0.45	1.2	0.41
7.2	0.32	1.9	0.41
7.25	0.35	1.3	0.41
7.3	0.39	1.7	0.4
7.35	0.34	1.4	0.39
7.4	0.45	2.2	0.39
7.45	0.35	1.8	0.44
7.5	0.49	1.6	0.45
7.55	0.46	1.3	0.46
7.6	0.45	1.4	0.45
7.65	0.46	1.1	0.44
7.7	0.4	1.4	0.46
7.75	0.4	1.9	0.45	57.28
7.8	0.35	1.6	0.46
7.85	0.4	1.3	0.45
7.9	0.3	1	0.46
7.95	0.4	0.2	0.45	
8	0.49	1.3	0.46	
8.05	0.42	-0.3	0.46	
8.1	0.41	-1.2	0.45	
8.15	0.41	-0.3	0.46	
8.2	0.41	1.6	0.45	
8.25	0.33	1.9	0.46	
8.3	0.37	0.9	0.45	
8.35	0.38	1.3	0.46	
8.4	0.43	0.9	0.54	
8.45	0.41	2.1	0.54	
8.5	0.42	1.4	0.54	
8.55	0.56	2.9	0.56	
8.6	0.47	2.8	0.55	
8.65	0.31	3.1	0.56	
8.7	0.39	2.6	0.55	
8.75	0.45	2	0.56
8.8	0.47	2	0.56
8.85	0.41	3.8	0.55
8.9	0.39	2.8	0.57
8.95	0.54	3.9	0.56
9	0.39	4.9	0.55
9.05	0.44	5.8	0.56
9.1	0.48	3.7	0.56
9.15	0.51	4.5	0.56
9.2	0.44	3.4	0.57
9.25	0.42	4.6	0.57
9.3	0.43	4.6	0.57
9.35	0.4	4.2	0.56
9.4	0.45	2.9	0.57
9.45	0.48	2.2	0.58
9.5	0.4	2.2	0.57
9.55	0.4	1.5	0.57	
9.6	0.44	2.4	0.61	
9.65	0.48	2.5	0.6	
9.7	0.4	2.8	0.6	
9.75	0.43	4.2	0.62	77.82	
9.8	0.32	1.8	0.61	
9.85	0.3	1.3	0.61	
9.9	0.51	2	0.62	
9.95	0.51	1.9	0.63	
10	0.52	1.8	0.61	
10.05	0.55	3.1	0.64	
10.1	0.53	1.1	0.65	
10.15	0.4	1.6	0.64	
10.2	0.57	1.5	0.64	
10.25	0.39	1.9	0.66	
10.3	0.51	1.7	0.63	
10.35	0.32	1	0.65
10.4	0.46	3	0.63
10.45	0.58	1.8	0.64
10.5	0.47	1.7	0.65
10.55	0.52	1.4	0.67
10.6	0.52	2	0.66
10.65	0.47	2.7	0.68
10.7	0.41	3.1	0.68
10.75	0.51	1.3	0.67
10.8	0.58	2.9	0.67
10.85	0.53	2.4	0.67
10.9	0.51	4.7	0.68
10.95	0.37	0.9	0.68
11	0.47	2.1	0.75
11.05	0.54	1	0.75
11.1	0.56	1.4	0.74
11.15	0.42	1	0.75
11.2	0.51	1.5	0.76
11.25	0.61	1.9	0.75
11.3	0.42	2.3	0.74
11.35	0.46	2.5	0.74
11.4	0.53	1.7	0.75
11.45	0.6	1.2	0.75
11.5	0.54	1.1	0.79
11.55	0.52	2.3	0.8
11.6	0.55	2.6	0.8
11.65	0.57	3.1	0.79
11.7	0.51	1.3	0.8
11.75	0.58	2	0.82	98.16
11.8	0.51	1	0.82
11.85	0.49	1.1	0.79
11.9	0.34	1.8	0.81
11.95	0.71	3.3	0.81	
12	0.42	2.9	0.82	
12.05	0.49	3.9	0.87	
12.1	0.61	2.9	0.87	
12.15	0.52	2.6	0.87	
12.2	0.44	1.4	0.87	
12.25	0.53	2.2	0.87	
12.3	0.62	2.7	0.87	
12.35	0.57	2.8	0.86	
12.4	0.59	3.7	0.88	
12.45	0.53	2.8	0.86	
12.5	0.47	3.5	0.87	
12.55	0.54	3.1	0.87	
12.6	0.56	2.2	0.89	
12.65	0.69	4.3	0.88	
12.7	0.75	3.2	0.88	
12.75	0.45	4.6	0.87
12.8	0.59	3.1	0.89
12.85	0.65	5	0.88
12.9	0.63	4.3	0.88
12.95	0.63	4.4	0.89
13	0.68	3.4	0.9
13.05	0.69	3.9	0.89
13.1	0.55	4.9	0.94
13.15	0.54	3.3	0.93
13.2	0.59	4.4	0.93
13.25	0.7	4.6	0.94
13.3	0.73	4.7	0.95
13.35	0.62	3.6	0.95
13.4	0.53	5	0.95
13.45	0.75	4.8	0.95
13.5	0.66	5.2	0.93
13.55	0.49	5.8	0.94	
13.6	0.68	4.3	0.94	
13.65	0.63	5.4	0.93	
13.7	0.88	4.3	0.93	
13.75	0.63	2.2	0.94	116.05
13.8	0.69	4.5	0.96	
13.85	0.63	3.7	0.96	
13.9	1.01	1.6	0.98	
13.95	1.65	10.7	1.01	
14	1.53	8.3	1.01	
14.05	1.51	4.8	1.01	
14.1	1.59	1.4	1	
14.15	1.02	3.3	1.01	
14.2	1.41	7.8	1.02	
14.25	0.91	13.2	1.03	
14.3	0.78	9.2	1.02	
14.35	0.78	7.4	1.04
14.4	0.7	7.4	1.05
14.45	0.93	7.5	1.07
14.5	0.66	6.8	1.09
14.55	0.82	8.1	1.04
14.6	0.72	9.2	1.06
14.65	0.87	10.9	1.07
14.7	0.97	13.4	1.08
14.75	0.87	15.1	1.1
14.8	0.95	15.3	1.1
14.85	0.84	18	1.1
14.9	0.86	16.5	1.11
14.95	0.9	19.4	1.12
15	0.84	12.1	1.12
15.05	0.92	16.6	1.13
15.1	1.04	25.3	1.15
15.15	1.09	34.9	1.16
15.2	1.1	39	1.16
15.25	1.13	44.7	1.14
15.3	1.28	53.9	1.13
15.35	1.15	56.5	1.18
15.4	1.18	54.5	1.14
15.45	1.34	55.5	1.16
15.5	1.44	58.4	1.15
15.55	1.41	55.8	1.15
15.6	1.33	53.2	1.13
15.65	1.29	49.5	1.16
15.7	1.33	50.6	1.13
15.75	1.51	53.2	1.19	132.35
15.8	1.79	57.2	1.25
15.85	1.66	61.5	1.25
15.9	1.62	61.5	1.24
15.95	1.55	60.6	1.26	
16	1.6	61	1.26	
16.05	1.51	54.1	1.24	
16.1	1.38	46	1.29	
16.15	1.29	43.2	1.26	
16.2	1.48	45	1.29	
16.25	1.49	46.7	1.28	
16.3	1.58	52	1.27	
16.35	1.48	51.5	1.27	
16.4	1.41	49.1	1.26	
16.45	1.32	50.8	1.29	
16.5	1.27	43.2	1.26	
16.55	1.25	33.2	1.25	
16.6	1.02	29	1.26	
16.65	0.99	28.6	1.27	
16.7	1.25	27.6	1.28	
16.75	1.17	25.6	1.28
16.8	1.09	23.9	1.27
16.85	1.12	19.8	1.29
16.9	0.97	21.6	1.28
16.95	1.07	23.4	1.27
17	1.05	25.6	1.28
17.05	1.1	26.3	1.26
17.1	1.24	25.5	1.29
17.15	1.21	24.8	1.29
17.2	1.15	19.1	1.29
17.25	1.2	14.4	1.28
17.3	1.15	15.2	1.31
17.35	1.24	18.8	1.26
17.4	1.41	23.6	1.26
17.45	1.39	21.3	1.28
17.5	1.06	22.5	1.38
17.55	1.24	21.1	1.41	
17.6	1.44	22.6	1.4	
17.65	1.32	14.1	1.42	
17.7	1.2	15.2	1.41	
17.75	1.14	16	1.44	139.24
17.8	1.36	14.8	1.43	
17.85	1.34	14.2	1.46	
17.9	1.22	15.2	1.44	
17.95	1.29	32.9	1.45	
18	1.26	30.4	1.45	
18.05	1.32	27.8	1.45	
18.1	1.24	12.7	1.45	
18.15	1.13	12.1	1.46	
18.2	1.17	34.2	1.44	
18.25	2.16	21.4	1.46	
18.3	2.81	61.9	1.45	
18.35	2.49	54.3	1.46
18.4	3.12	27.9	1.46
18.45	1.75	50.3	1.47
18.5	1.76	40.8	1.59
18.55	1.76	19.6	1.6
18.6	1.62	16.9	1.61
18.65	1.33	32.5	1.67
18.7	2.21	84.2	1.65
18.75	3.35	67.2	1.75
18.8	3.85	36.2	1.74
18.85	3.29	11.3	1.74
18.9	1.97	45.4	1.75
18.95	1.65	84.1	1.82
19	5.31	46.3	1.82
19.05	7.49	75.4	1.83
19.1	6.85	171.8	1.82
19.15	8.28	137.5	1.88
19.2	12.2	103.6	1.87
19.25	14.31	113.2	1.87
19.3	13.43	112.6	1.86
19.35	12.9	110.6	1.86
19.4	14.2	81.7	1.85
19.45	15.7	55.4	1.85
19.5	15.34	56.9	1.87
19.55	15	53.5	1.88
19.6	15.77	85	1.85
19.65	17.43	203.1	2
19.7	18.58	135.7	2.25
19.75	14.88	103.2	2.57	149.22
19.8	15.78	101	2.65
19.85	18.21	71.5	2.79
19.9	18.74	75.6	2.83
19.95	19.41	50.6	2.84	
20	19.78	66.5	3.05
20.05	19.39	71.9	3.08	
20.1	20.13	77.4	3.08	
20.15	21.37	76.5	3.24	
20.2	21.33	71.7	3.33	
20.25	20.01	71.8	3.37	
20.3	18.71	87	3.34	
20.35	16.53	85.7	3.39	
20.4	15.59	106.2	3.42	
20.45	16.09	108.3	3.44	
20.5	17.67	99.8	3.54	
20.55	18.57	78.3	3.53	
20.6	18.37	61.7	3.53	
20.65	17.78	71	3.61	
20.7	16.3	75.9	3.64	
20.75	15.93	96.6	3.64
20.8	16.51	96.2	3.61
20.85	19.53	101.3	3.58
20.9	19.95	126.9	3.59
20.95	19.73	137.4	3.67
21	18.33	46.6	3.69
21.05	17.18	15.6	3.69
21.1	17.13	55.3	3.68
21.15	8.95	99	3.67
21.2	14.69	138.3	3.7
21.25	11.48	80.4	3.74
21.3	10.59	102.2	3.7
21.35	9.77	143.2	3.84
21.4	6.74	134.7	3.95
21.45	3.06	96.8	4.17
21.5	1.59	76.1	4.18
21.55	2.38	55.4	4.18	
21.6	16.89	54.1	4.24	
21.65	13.44	56.3	4.2	
21.7	20.35	79	4.24	
21.75	21.95	73.9	4.25	156.39	
21.8	19.9	76	4.18	
21.85	9.91	139.9	4.32	
21.9	4.32	118.9	4.36	
21.95	2.28	76.8	4.34	
22	2.05	94.7	4.32	
22.05	4.8	134.2	4.35	
22.1	21.23	154.9	4.25	
22.15	29.2	156.7	4.27	
22.2	28.53	188.8	4.32	
22.25	31.29	191.7	4.32	
22.3	35.76	172.9	4.34	
22.35	36.84	165.7	4.27
22.4	37.12	184.7	4.21
22.45	36.24	165.1	4.15
22.5	33.45	121.6	4.12
22.55	33.07	169.6	4.1
22.6	32.81	129.1	4.07
22.65	29.64	159.8	4.01
22.7	31.74	155.1	3.93
22.75	26.81	181.1	4
22.8	23.95	187.1	3.98
22.85	22.89	233.3	3.99
22.9	23.68	249.9	4.01
22.95	25.08	221.2	3.99
23	26.43	194.1	4.13
23.05	27.13	108.7	4.2
23.1	28.14	111.8	4.23
23.15	24.11	64.3	4.32
23.2	21.33	78.4	4.36
23.25	19.95	104.4	4.45
23.3	21.74	126.5	4.48
23.35	23.1	117.1	4.51
23.4	23.91	108.8	4.55
23.45	22.91	70.8	4.55
23.5	24.26	45.7	4.65
23.55	24.18	57.9	4.71
23.6	24.34	65.2	4.85
23.65	23.52	67.9	4.84
23.7	23.44	80.8	4.8
23.75	23.54	112.3	4.88
23.8	20.81	140.8	4.89
23.85	18.69	107.9	4.87
23.9	18.6	82.4	4.56	164.41
23.95	20.88	89.4	4.54	
24	20.33	55.7	4.65	
24.05	19.59	63.7	4.65	
24.1	19.55	106.9	4.65	
24.15	21.5	142.1	4.64	
24.2	26.29	154.2	4.64	
24.25	29.05	179.2	4.63	
24.3	30.8	242.3	4.64	
24.35	32.68	251.4	4.63	
24.4	31.9	259.4	4.64	
24.45	32.49	243.3	4.65	
24.5	31.71	226.8	4.63	
24.55	30.72	258.2	4.64	
24.6	32.92	263.5	4.64	
24.65	34.24	243.1	4.64	
24.7	34.19	239.9	4.65	
24.75	32.14	222	4.64
24.8	33.55	203.4	4.38
24.85	32.58	185.8	4.14
24.9	29.38	188.8	3.96
24.95	28.92	216.8	3.98
25	28.99	220.6	3.91
25.05	28.3	184.2	3.94
25.1	26.67	106.4	3.9
25.15	22.89	14.5	3.89
25.2	18.22	21.8	3.88
25.25	13.83	49.3	3.99
25.3	10.68	53.1	4.03
25.35	7.05	26.4	4.33
25.4	4.51	26	4.38
25.45	3.14	35.5	4.38
25.5	2.76	30.2	4.37
25.55	3.52	21.6	4.42	
25.6	2.24	28.2	4.54	
25.65	3.06	41.2	4.56	
25.7	3.31	61.5	4.7	
25.75	3.78	78.6	4.75	170.91
25.8	4.3	95.5	4.89	
25.85	4.44	102	4.9	
25.9	4.35	92.1	4.96	
25.95	4.11	120.3	5.02	
26	3.99	138.7	5.11	170.91
26.05	3.47	132.5	5.01	
26.1	3.14	118.5	5.15	
26.15	3.05	106.3	5.18	
26.2	2.98	93.7	5.19	
26.25	3.05	88.1	5.17	
26.3	3.5	95.4	5.22	
26.35	3.55	96.3	5.24
26.4	3.6	90.3	5.27
26.45	3.97	96.4	5.29
26.5	5.29	134.3	5.27
26.55	5.96	165.2	5.3
26.6	6.07	193.9	5.3
26.65	5.79	180.2	5.45
26.7	5.26	168.3	5.43
26.75	5.06	143.6	5.43
26.8	4.88	144.4	5.48
26.85	4.56	139.6	5.49
26.9	4.29	150.1	5.51
26.95	3.98	129.5	5.52
27	3.97	120	5.53
27.05	3.97	139.2	5.53
27.1	5.48	170.4	5.6
27.15	4.65	147.1	5.61
27.2	3.25	98.4	5.6
27.25	3.27	76.4	5.65
27.3	2.66	62.5	5.69
27.35	3.2	69.3	5.67
27.4	2.65	74.4	5.7
27.45	2.69	65	5.73
27.5	3.08	73.4	5.76
27.55	2.8	76.7	5.76
27.6	2.99	78.7	5.78
27.65	2.73	85.7	5.85
27.7	2.86	83.8	5.89
27.75	2.49	89.2	5.96
27.8	2.87	89.5	5.94
27.85	2.98	93.6	6.06
27.9	3.45	86.2	6.08
27.95	2.83	110.5	6.08	
28	3.28	91.6	6.11	176.85
28.05	3.33	77.1	6.14	
28.1	2.83	64.7	6.14	
28.15	2.82	53.4	6.14	
28.2	2.62	42.7	6.16	
28.25	2.62	40.2	6.17	
28.3	2.83	39.3	6.25	
28.35	3.01	41.6	6.29	
28.4	3.03	39.7	6.32	
28.45	3.02	36.1	6.3	
28.5	2.57	31.1	6.32	
28.55	2.54	28.9	6.33	
28.6	2.81	34.1	6.38	
28.65	2.67	34.2	6.41	
28.7	2.62	39	6.39	
28.75	2.77	35.3	6.39
28.8	2.71	37.9	6.41
28.85	2.87	33.9	6.4
28.9	2.93	36.9	6.41
28.95	3.18	47	6.43
29	3.1	46.6	6.41
29.05	2.98	35.5	6.41
29.1	2.67	34.5	6.42
29.15	2.94	35.4	6.42
29.2	2.86	46.1	6.43
29.25	2.96	40	6.42
29.3	2.88	37.1	6.59
29.35	2.66	34.4	6.61
29.4	2.97	37.4	6.57
29.45	2.9	36.5	6.6
29.5	3.01	30.3	6.56
29.55	2.89	27.9	6.57	
29.6	2.8	29.8	6.57	
29.65	2.6	30.7	6.61	
29.7	2.35	28.9	6.62	
29.75	2.31	30.7	6.63	182.7
29.8	3.12	36.7	6.66	
29.85	3.59	71.4	6.66	
29.9	4.68	99	6.68	
29.95	7.35	-32768	6.69	
30	7.85	-32768	6.67
