File name:	Oak045
Date:	2/10/1999	
UTM Grid Zone:	10S	
"UTM-X, m:"	568276	
"UTM-Y, m:"	4175718	
Datum:	1927 NAD	
"Elevation, m:"	1	 
"Total depth, m:"	11.90	
"Water depth, m:"	1.4	 
City:	Oakland	
County:	Alameda	
State:	CA	
USGS Quadrangle:	San Leandro	
Cone No.:	660tc	
Source:	USGS	
"Surface horiz. offset (seismic source to CPT), m:"	0.96	

Depth (m)	Tip Resistance (MN/m2)	Sleeve Friction (kN/m2)	Inclination (degree)	S-wave travel time (ms)
0.05	1.67	2.7	0.15	
0.1	2.89	11.6	0.15	
0.15	3.62	18.6	0.13	
0.2	4.2	26.2	0.15	
0.25	5.06	43.4	0.15	
0.3	5.79	53	0.15	
0.35	6.9	65.7	0.15	
0.4	10.39	74.7	0.15	
0.45	14.87	101.5	0.15	
0.5	16.45	128.7	0.15	
0.55	17.04	126.7	0.15	
0.6	14.75	157	0.31	
0.65	13.48	154.5	0.32	
0.7	7.8	86.6	0.31	
0.75	3.65	78.5	0.34
0.8	1.91	64.3	0.37
0.85	8.42	74.7	0.38
0.9	11.8	83	0.38
0.95	13.18	105.5	0.42
1	14.87	119.2	0.42
1.05	15.53	128.6	0.42
1.1	15.65	132.8	0.42
1.15	16.26	138.9	0.38
1.2	16.49	140.4	0.38
1.25	15.94	137.1	0.38
1.3	15.24	137.4	0.38
1.35	14.69	132.4	0.43
1.4	13.24	121.3	0.46
1.45	11.6	103.8	0.43
1.5	10.46	87.7	0.45
1.55	9.51	74.2	0.41	
1.6	8.55	59.8	0.46	
1.65	7.88	45.7	0.47	
1.7	7.9	18.3	0.48	10.74
1.75	9.24	37.8	0.45	
1.8	7.77	53	0.44	
1.85	4.36	29.2	0.46	
1.9	2.18	14.7	0.45	
1.95	1.15	29.5	0.45	
2	1.41	40.2	0.45	
2.05	2.09	27.7	0.46	
2.1	2.16	10.7	0.45	
2.15	1.65	5.2	0.45	
2.2	1.06	16.9	0.45	
2.25	1.87	38.5	0.46	
2.3	3.02	65.2	0.44	
2.35	3.4	74.1	0.45
2.4	3.16	57.4	0.53
2.45	3.4	53.2	0.52
2.5	2.71	57	0.56
2.55	2.24	37.6	0.6
2.6	1.44	11.6	0.65
2.65	0.88	-1.3	0.65
2.7	0.6	-3.7	0.68
2.75	1.57	0.1	0.7
2.8	1.15	5.6	0.79
2.85	3.34	11.5	0.8
2.9	3.16	29	0.8
2.95	2.9	25.6	0.8
3	1.51	33.5	0.8
3.05	2.1	81.9	0.8
3.1	7.59	149.1	0.8
3.15	9.03	200	0.8	
3.2	9.89	216.3	0.8	
3.25	10.95	229.1	1.49	
3.3	11.63	240.9	1.41	
3.35	11.82	246.4	1.4	
3.4	12.23	248.4	1.38	
3.45	14.02	261.8	1.38	
3.5	14.25	273.8	1.35	
3.55	15.33	288.1	1.38	
3.6	16.81	298.7	1.39	
3.65	17.99	288	1.4	24.66
3.7	18.08	276.7	1.41	
3.75	16.31	41.8	1.4	
3.8	13.53	49.8	1.44	
3.85	11.1	45.1	1.54	
3.9	10.14	60.1	1.54	
3.95	10.63	61.1	1.54
4	10.7	79.6	1.53
4.05	10.78	113.2	1.56
4.1	11.78	156.1	1.53
4.15	12.75	174.2	1.53
4.2	12.5	155.7	1.53
4.25	13.35	187.7	1.52
4.3	14.38	187.5	1.52
4.35	14.85	117.5	1.52
4.4	14.61	106.6	1.57
4.45	13.53	103.1	1.57
4.5	12.48	115.1	1.59
4.55	12.93	134.1	1.58
4.6	13.84	164.7	1.58
4.65	14.59	187.5	1.58
4.7	15.43	182.7	1.58
4.75	16.41	47.3	1.64
4.8	17.22	41.8	1.67
4.85	16.83	71.7	1.67
4.9	17.24	98.2	1.67
4.95	18.29	109.8	1.69
5	13.45	105.4	1.7
5.05	19.38	96.6	1.69
5.1	19.64	144.1	1.72
5.15	19.17	185.4	1.72
5.2	18.91	201.5	1.72
5.25	18.76	216.1	1.73
5.3	18.65	191.5	1.74
5.35	18.16	123.3	1.75
5.4	17.45	113.5	1.75
5.45	16.49	72.8	1.74
5.5	15.56	40.2	1.77
5.55	14.2	39.8	1.79	33.12
5.6	13.4	23.8	1.79	
5.65	13.75	43.2	1.79	
5.7	14.03	93.8	1.79	
5.75	15.95	32.2	1.79	
5.8	17.71	77.5	1.79	
5.85	16.63	114.9	1.7	
5.9	18.19	114.7	1.7	
5.95	19.82	106.4	1.7	
6	15.17	103.2	1.72	
6.05	20.28	119.1	1.72	
6.1	20.77	183	1.73	
6.15	20.62	118.8	1.73	
6.2	19.05	130	1.72	
6.25	16.05	207.6	1.72	
6.3	18.76	237.1	1.71	
6.35	22.28	212	1.73
6.4	23.23	186.5	1.73
6.45	22.99	239.3	1.73
6.5	22.63	251.2	1.73
6.55	21.61	183.6	1.73
6.6	20.47	127	1.87
6.65	19.4	119.1	1.87
6.7	18.25	112.2	1.87
6.75	17.27	105.5	1.87
6.8	16.43	101.1	1.87
6.85	15.67	70.9	1.87
6.9	15.26	96.3	1.87
6.95	14.7	90.7	1.86
7	15.19	88.6	1.86
7.05	15.79	52	1.86
7.1	16.25	58.4	1.86
7.15	15.45	80.1	1.86	
7.2	13.82	93.8	1.89	
7.25	14.34	98.1	1.86	
7.3	15.78	105.3	1.86	
7.35	16.56	112	1.86	
7.4	17.2	113.2	1.86	
7.45	18.03	126.9	1.86	42.67
7.5	18.91	127.1	1.88	
7.55	19.66	174.4	1.87	
7.6	18.97	195.3	1.86	
7.65	19.59	165.9	1.86	
7.7	20.31	172.2	1.85	
7.75	21.03	146.9	1.96	
7.8	21.48	165.6	1.95	
7.85	20.9	197.2	1.95	
7.9	19.24	68.2	2.05	
7.95	17.43	64.9	2.03
8	16.57	97.5	2.06
8.05	16.17	119.8	2.07
8.1	16.28	115.6	2.07
8.15	12.32	113.8	2.07
8.2	16.37	133.6	2.1
8.25	15.93	189.2	2.09
8.3	15.3	257.5	2.1
8.35	15.3	318.2	2.08
8.4	15.88	332.6	2.1
8.45	16.67	243	2.1
8.5	16.33	207.2	2.1
8.55	12.58	174.7	2.11
8.6	7.77	126.2	2.12
8.65	4.81	50.3	2.11
8.7	3.39	20.6	2.11
8.75	2.58	12.4	2.08
8.8	2.22	10	2.08
8.85	2.05	7.3	2.09
8.9	1.92	9.2	2.09
8.95	0.88	11.4	2.11
9	1.71	12.2	2.1
9.05	1.76	14.5	2.09
9.1	1.71	11.3	2.09
9.15	1.68	11.3	2.1
9.2	1.71	9.1	2.09
9.25	1.72	11.4	2.09
9.3	1.69	7.5	2.08
9.35	1.61	5.2	2.09	50.05
9.4	1.41	1.7	2.11
9.45	1.53	0.8	2.11
9.5	1.54	2.4	2.11
9.55	1.35	21.4	2.11	
9.6	1.94	20.2	2.09	
9.65	2.7	13	1.78	
9.7	2.46	2.9	1.77	
9.75	2.04	6.2	1.77	
9.8	1.91	6	1.77	
9.85	2.26	4.1	1.77	
9.9	1.72	2.4	1.76	
9.95	1.59	1.5	1.76	
10	1.32	1.2	1.76	
10.05	1.52	2.6	1.76	
10.1	1.58	4.2	1.76	
10.15	1.47	7.6	1.76	
10.2	1.38	23.1	1.72	
10.25	1.83	30.4	1.76	
10.3	2.05	52.8	1.74	
10.35	2.47	100.4	1.67
10.4	3.82	163.5	1.64
10.45	7.53	18.6	1.61
10.5	11.62	207.3	1.6
10.55	7.1	181.8	1.48
10.6	14.94	197.8	1.53
10.65	17.88	148	1.52
10.7	18.75	224.5	1.52
10.75	18.54	326	1.52
10.8	18.4	422.5	1.5
10.85	19.51	444.8	1.47
10.9	20.32	431.6	1.46
10.95	20.11	51.3	1.46
11	18.98	79.9	1.45
11.05	10.44	174	1.42
11.1	17.09	243.3	1.35
11.15	13.54	244.7	1.36	
11.2	8.74	157.4	1.36	
11.25	4.67	58.4	1.35	56.68
11.3	2.71	28.3	1.33	
11.35	2.01	19.7	1.3	
11.4	1.89	22.1	1.32	
11.45	1.8	34.6	1.28	
11.5	1.81	33.6	1.23	
11.55	2.03	30.7	1.19	
11.6	2.22	53.1	1.19	
11.65	3.39	69.2	1.19	
11.7	4.21	88.5	1.15	
11.75	4.49	138.6	1.19	
11.8	5.51	183.3	1.18	
11.85	7.1	190	1.1	
11.9	8.59	173.4	1.05	
