File name:	Oak039
Date:	2/2/1999	
UTM Grid Zone:	10S	
"UTM-X, m:"	570331	
"UTM-Y, m:"	4174300	
Datum:	1927 NAD	
"Elevation, m:"	1.5	 
"Total depth, m:"	35.25	
"Water depth, m:"	>0.2	 
City:	Oakland	
County:	Alameda	
State:	CA	
USGS Quadrangle:	San Leandro	
Cone No.:	660tc	
Source:	USGS	
"Surface horiz. offset (seismic source to CPT), m:"	0.96	

Depth (m)	Tip Resistance (MN/m2)	Sleeve Friction (kN/m2)	Inclination (degree)	S-wave travel time (ms)
0.05	8.46	36.2	0.19	
0.1	18.45	155.6	0.3	
0.15	19.83	97	0.24	
0.2	27.93	142.3	0.13	
0.25	11.9	573.5	0.06	
0.3	40.25	1072.6	0.14	
0.35	66.92	665.3	0.57	
0.4	43.02	540.7	0.64	
0.45	33.24	421.4	0.51	
0.5	31.6	498.1	0.56	
0.55	29.24	419.7	0.67	
0.6	27.39	587.1	1.31	
0.65	25.85	479.1	1.02	
0.7	25.66	480.8	1.2	
0.75	25.99	482.6	1.27
0.8	28.5	460.2	1.34
0.85	23.69	392	1.41
0.9	19.82	363.9	1.43
0.95	18.44	290.5	1.4
1	19.8	363.7	1.43
1.05	21.33	414.9	1.42
1.1	23.44	415	1.41
1.15	27.9	305.8	1.43
1.2	23.01	197.3	1.43
1.25	20.45	262.9	1.33
1.3	13.64	189.3	1.39
1.35	10.82	166.7	1.21
1.4	8.47	154.5	1.22
1.45	6.81	214.2	1.19
1.5	11.59	237.3	1.06
1.55	8.71	187.8	0.87	
1.6	7.4	117.5	0.79	
1.65	8.31	106	0.72	
1.7	9.44	99.1	0.76	
1.75	5.45	78.6	0.76	8.5
1.8	2.23	91.9	0.78	
1.85	1.3	59.6	0.88	
1.9	0.96	39.2	0.89	
1.95	0.69	30.5	0.88	
2	0.61	24.4	0.89	
2.05	0.25	22.4	0.86	
2.1	0.26	21.8	0.86	
2.15	0.25	21.4	0.86	
2.2	0.2	21	0.86	
2.25	0.23	19.4	0.86	
2.3	0.24	18.7	0.98	
2.35	0.21	17.8	1.02
2.4	0.23	17.8	1.02
2.45	0.23	17.6	1.03
2.5	0.24	17.7	1.04
2.55	0.22	17.5	1.05
2.6	0.17	16.5	1.05
2.65	0.21	16.3	1.05
2.7	0.17	15.8	1.05
2.75	0.18	16.8	1.06
2.8	0.19	16	1.09
2.85	0.12	15.7	1.15
2.9	0.18	20.5	1.15
2.95	0.19	30.7	1.15
3	0.42	52.1	1.16
3.05	0.65	67.5	1.16
3.1	0.81	80.4	1.2
3.15	1.03	89.7	1.24
3.2	1.15	98.1	1.24
3.25	1.22	101.3	1.24
3.3	1.22	98.9	1.24
3.35	1.27	91	1.24
3.4	1.38	85.4	1.24
3.45	1.39	86.6	1.25
3.5	1.58	85.9	1.25
3.55	1.59	79.7	1.25
3.6	1.45	73.3	1.25
3.65	1.45	69.4	1.25
3.7	1.44	66.9	1.26
3.75	1.36	78.2	1.24	25.06
3.8	1.42	77.2	1.25
3.85	1.95	60.8	1.25
3.9	1.92	43.5	1.25
3.95	2.04	60	1.25	
4	2.25	55.9	1.25	
4.05	3.1	60.5	1.45	
4.1	3.3	67.1	1.45	
4.15	4.24	31.5	1.45	
4.2	3.32	30	1.46	
4.25	1.89	38.2	1.46	
4.3	2.33	53.3	1.46	
4.35	2.21	77.6	1.47	
4.4	2.34	80.5	1.46	
4.45	2.1	86.9	1.47	
4.5	2.25	80.8	1.47	
4.55	2.28	82.1	1.46	
4.6	2.47	79.2	1.47	
4.65	1.57	61.2	1.47	
4.7	1.46	48.4	1.47	
4.75	1.91	41.8	1.65
4.8	1.58	41.4	1.65
4.85	1.52	40.6	1.65
4.9	1.44	45.9	1.65
4.95	1.56	47.6	1.65
5	1.49	55.5	1.65
5.05	1.39	56.9	1.65
5.1	1.34	51.4	1.65
5.15	0.99	45	1.65
5.2	0.91	37.5	1.65
5.25	0.82	35	1.65
5.3	0.79	31.6	1.68
5.35	0.84	36.9	1.7
5.4	0.96	43.7	1.69
5.45	1.07	44.9	1.69
5.5	1.08	45	1.7
5.55	1.03	46.7	1.7	
5.6	1	47.6	1.7	
5.65	0.98	46.4	1.7	
5.7	0.95	42.3	1.7	34.68
5.75	1.02	49	1.7	
5.8	1.07	52.3	1.73	
5.85	1.04	52.8	1.74	
5.9	0.98	47	1.73	
5.95	1	42	1.73	
6	0.95	37	1.73	
6.05	1.28	37.3	1.72	
6.1	1.17	25.3	1.72	
6.15	1.04	26	1.72	
6.2	0.93	26.1	1.72	
6.25	1.03	26.7	1.72	
6.3	1.16	32.6	1.72	
6.35	1.19	33.9	1.72
6.4	1.01	29.5	1.72
6.45	0.77	19.2	1.72
6.5	0.62	15	1.72
6.55	0.52	12.6	1.72
6.6	0.38	11.9	1.72
6.65	0.38	10.6	1.72
6.7	0.4	8.9	1.72
6.75	0.36	7.3	1.72
6.8	0.34	9.3	1.73
6.85	0.35	9.5	1.72
6.9	0.44	13.1	1.72
6.95	0.55	18.3	1.72
7	1.03	28.1	1.74
7.05	1.36	46.9	1.72
7.1	1.8	61.8	1.72
7.15	2.02	72.2	1.73
7.2	2.29	79	1.72
7.25	2.45	91	1.72
7.3	2.49	110.8	1.72
7.35	2.55	116.9	1.72
7.4	2.43	103.9	1.72
7.45	2.27	93.4	1.72
7.5	2.42	91.6	1.72
7.55	2.52	95.8	1.73
7.6	2.43	100.9	1.72
7.65	2.51	98.6	1.72
7.7	2.62	106.5	1.72	42.96
7.75	2.56	105.6	1.72
7.8	2.45	117.6	1.73
7.85	2.41	115	1.72
7.9	2.29	98.4	1.72
7.95	2.02	97.8	1.71	
8	1.79	85.7	1.71	
8.05	1.58	82.3	1.71	
8.1	1.39	71.4	1.69	
8.15	1.29	67	1.74	
8.2	1.47	58.5	1.71	
8.25	1.44	64.2	1.71	
8.3	1.31	64.2	1.7	
8.35	1.18	55.9	1.71	
8.4	1.17	48.3	1.71	
8.45	1.1	38.3	1.71	
8.5	0.82	33.5	2.37	
8.55	0.73	28.6	2.25	
8.6	0.76	20.5	2.22	
8.65	0.73	16.2	2.16	
8.7	0.63	12.9	2.21	
8.75	0.62	13.7	2.21
8.8	0.67	14.8	2.21
8.85	0.66	16.4	2.25
8.9	0.57	18	2.25
8.95	0.64	22.8	2.25
9	0.91	26.7	2.25
9.05	1.19	35.3	2.29
9.1	1.53	42.4	2.3
9.15	1.72	45.8	2.31
9.2	1.69	50.9	2.31
9.25	1.63	55.8	2.32
9.3	1.81	56.1	2.32
9.35	1.83	60.1	2.32
9.4	1.78	53.5	2.32
9.45	1.77	44.8	2.32
9.5	1.61	36.6	2.31
9.55	1.52	32.2	2.31	
9.6	1.48	29.9	2.3	
9.65	1.4	27.9	2.33	51.78
9.7	1.33	32.8	2.3	
9.75	1.55	33.3	2.3	
9.8	1.74	33.7	2.3	
9.85	1.58	47.4	2.3	
9.9	1.18	73.5	2.28	
9.95	0.81	74.4	2.28	
10	0.83	75.2	2.25	
10.05	1.7	69.8	2.25	
10.1	2.01	68.2	2.25	
10.15	2.13	61.8	2.25	
10.2	1.97	53.9	2.25	
10.25	1.78	53.1	2.25	
10.3	1.49	45.1	2.25	
10.35	1.57	43.2	2.25
10.4	1.52	40.5	2.25
10.45	1.67	39.9	2.25
10.5	1.59	33.6	2.25
10.55	1.45	25.8	2.26
10.6	1.26	26.1	2.26
10.65	1.08	23.3	2.32
10.7	0.94	16.5	2.32
10.75	0.88	11.4	2.32
10.8	0.89	8.8	2.32
10.85	0.87	12.5	2.34
10.9	1.14	14.6	2.34
10.95	1.13	17.7	2.34
11	1.41	14.8	2.34
11.05	1.3	31.3	2.34
11.1	1.93	34.2	2.34
11.15	2.16	41.9	2.33	
11.2	2.25	46.7	2.33	
11.25	2.68	50.9	2.33	
11.3	2.58	55.8	2.41	
11.35	2.86	59.5	2.41	
11.4	3.01	68	2.41	
11.45	3.07	75.2	2.42	
11.5	3.14	83	2.42	
11.55	3.21	87.3	2.44	
11.6	3.01	88.9	2.45	59.24
11.65	2.79	86.1	2.44	
11.7	2.35	79.1	2.45	
11.75	1.96	63.2	2.45	
11.8	1.73	48.3	2.45	
11.85	1.38	37.7	2.44	
11.9	1	38	2.45	
11.95	1.01	34.5	2.43
12	1.01	32.5	2.44
12.05	0.92	27.1	2.44
12.1	1.23	38.4	2.44
12.15	1.6	79.8	2.45
12.2	2.69	106.2	2.47
12.25	3.61	84.7	2.45
12.3	3.27	151.7	2.45
12.35	8.06	213.3	2.47
12.4	19.21	330	2.61
12.45	26.14	339.7	2.59
12.5	33.78	206.2	2.66
12.55	36.59	155.3	2.67
12.6	32.74	153.4	2.79
12.65	25.97	123.8	2.87
12.7	19.27	114.4	2.91
12.75	10.85	164.2	2.97
12.8	4.98	118.4	2.96
12.85	2.16	69	2.97
12.9	2.08	62	3.03
12.95	2.2	62.6	3.02
13	2.26	68.9	3
13.05	2.25	71.8	3.05
13.1	2.25	71.4	3.05
13.15	2.18	71.9	3.06
13.2	2.27	72.2	3.06
13.25	2.27	77.2	3.06
13.3	2.28	74.4	3.06
13.35	2.18	72.3	3.06
13.4	1.92	75.5	3.06
13.45	2.22	77.1	3.07
13.5	2.19	76.2	3.07
13.55	2.21	75.1	3.07	66.96
13.6	2.17	69.7	3.06	
13.65	2.04	64	3.06	
13.7	1.84	54.7	3.05	
13.75	1.77	50.9	3.09	
13.8	1.71	47.7	3.07	
13.85	1.67	52.3	3.07	
13.9	1.3	50.7	3.07	
13.95	1.6	48.9	3.04	
14	1.57	47.4	3.03	
14.05	1.51	42.1	3.03	
14.1	1.29	37.9	3.03	
14.15	1.23	32.3	3.03	
14.2	1.19	28.2	3.04	
14.25	1.21	26.1	3.04	
14.3	1.29	27.2	3.04	
14.35	1.34	32.4	3.04
14.4	1.63	37.8	3.04
14.45	1.63	38	3.04
14.5	1.58	36.9	3.04
14.55	1.45	31.6	3.05
14.6	1.29	30.2	3.09
14.65	1.23	28.7	3.13
14.7	1.2	30	3.12
14.75	1.42	34.2	3.13
14.8	1.8	40	3.12
14.85	1.96	48.2	3.12
14.9	2.2	58.9	3.12
14.95	2.35	65.4	3.13
15	2.29	66.6	3.13
15.05	2.2	69.6	3.12
15.1	2.21	74.7	3.13
15.15	2.26	72.9	3.13	
15.2	2.15	75.9	3.12	
15.25	2.09	70.3	3.1	
15.3	1.94	65.4	3.09	
15.35	1.93	53.9	3.1	
15.4	1.7	51.1	3.1	
15.45	1.55	47.8	3.1	
15.5	1.38	41.5	3.09	77.5
15.55	1.23	31.9	3.09	
15.6	1.18	28.5	3.1	
15.65	1.32	29.9	3.1	
15.7	1.37	32.1	3.11	
15.75	1.49	39.3	3.11	
15.8	1.5	35	3.11	
15.85	1.44	26.1	3.12	
15.9	1.43	36.7	3.15	
15.95	1.65	44.6	3.12
16	1.78	45.6	3.16
16.05	1.71	41.9	3.16
16.1	1.6	30.6	3.16
16.15	1.51	30.4	3.16
16.2	1.49	27.1	3.15
16.25	1.4	25.7	3.16
16.3	1.31	19.7	3.16
16.35	1.28	18.6	3.17
16.4	1.34	22.1	3.18
16.45	1.48	24.1	3.17
16.5	1.2	28	3.17
16.55	1.56	30.3	3.17
16.6	1.62	31.2	3.17
16.65	1.7	33.6	3.17
16.7	1.9	31	3.17
16.75	1.99	28.4	3.2
16.8	1.98	59.2	3.4
16.85	3.08	45	3.4
16.9	3.26	43.4	3.4
16.95	1.52	42.1	3.41
17	1.51	44.3	3.41
17.05	1.45	43.3	3.41
17.1	1.46	40.7	3.41
17.15	1.47	40.6	3.4
17.2	1.44	40.4	3.4
17.25	1.44	40.6	3.4
17.3	1.44	98.1	3.41
17.35	1.43	73.3	3.41
17.4	2.67	60.1	3.41
17.45	1.79	47.6	3.41	83.79
17.5	1.56	41.2	3.41
17.55	1.64	37.4	3.41	
17.6	1.52	36	3.41	
17.65	1.61	36.6	3.41	
17.7	1.77	37	3.41	
17.75	1.84	38.8	3.41	
17.8	1.98	37.7	3.44	
17.85	2.06	47.3	3.41	
17.9	2.25	58.8	3.41	
17.95	2.65	68.5	3.47	
18	2.67	76	3.47	
18.05	2.68	70.2	3.47	
18.1	2.52	66.9	3.47	
18.15	2.36	65.9	3.47	
18.2	2.03	64	3.47	
18.25	1.93	57.4	3.47	
18.3	1.82	49.8	3.47	
18.35	1.67	39.6	3.47
18.4	1.71	35.9	3.47
18.45	1.73	38.1	3.46
18.5	2	46.5	3.47
18.55	2.71	60	3.47
18.6	2.84	106.9	3.47
18.65	5.05	83.5	3.47
18.7	3.45	77.9	3.47
18.75	2.59	84.4	3.47
18.8	3.16	98.2	3.47
18.85	2.6	81.2	3.48
18.9	2.02	70.2	3.48
18.95	1.97	53.6	3.47
19	1.87	52.5	3.47
19.05	1.75	53.8	3.47
19.1	1.79	52.5	3.47
19.15	1.7	48.3	3.47	
19.2	1.6	42.9	3.47	
19.25	1.57	38.4	3.47	
19.3	1.57	32	3.47	
19.35	1.57	29.7	3.47	
19.4	1.63	33	3.48	90.95
19.45	1.7	33.8	3.47	
19.5	1.64	34.6	3.49	
19.55	1.58	36.2	3.47	
19.6	1.57	38.5	3.48	
19.65	1.84	38.6	3.48	
19.7	1.83	42.3	3.46	
19.75	1.84	34.4	3.48	
19.8	1.84	31.8	3.48	
19.85	1.86	27.3	3.48	
19.9	1.88	22.6	3.48	
19.95	1.81	19.2	3.48
20	1.76	24.7	3.48
20.05	1.84	40.4	3.48
20.1	1.97	111	3.49
20.15	4.96	126	3.48
20.2	6.35	115.3	3.48
20.25	4.88	115.8	3.46
20.3	2.58	122.4	3.48
20.35	2.59	137.2	3.48
20.4	2.66	88.1	3.48
20.45	3.24	79.6	3.51
20.5	2.74	89.7	3.48
20.55	3.58	122.4	3.48
20.6	4.32	97	3.48
20.65	3.27	80.3	3.48
20.7	2.33	57.9	3.48
20.75	2.42	66.2	3.48
20.8	2.8	95	3.48
20.85	4.46	72.4	3.48
20.9	3.06	73.2	3.48
20.95	2.31	46.8	3.48
21	1.93	31.3	3.48
21.05	1.76	21.1	3.48
21.1	1.76	16.6	3.48
21.15	1.72	18.6	3.48
21.2	1.87	22.2	3.49
21.25	1.92	26.3	3.48
21.3	2.27	34	3.45
21.35	2.45	29.9	3.48	98.89
21.4	2.12	24.2	3.48
21.45	1.91	99.7	3.48
21.5	1.12	74.7	3.48
21.55	2.32	79.3	3.48	
21.6	1.9	95.3	3.48	
21.65	3.16	175.3	3.68	
21.7	6.8	219.8	3.67	
21.75	8.04	282.3	3.67	
21.8	9.89	342.5	3.67	
21.85	11.13	235	3.67	
21.9	7.79	121	3.66	
21.95	3.87	137.6	3.55	
22	4.94	113.1	3.55	
22.05	3.94	79.9	3.55	
22.1	2.36	51.5	3.55	
22.15	2	26.4	3.55	
22.2	1.93	22.1	3.55	
22.25	2.01	33.7	3.55	
22.3	2.6	44.8	3.55	
22.35	2.89	34	3.55
22.4	2.38	28	3.55
22.45	2.02	23	3.56
22.5	1.95	22.7	3.56
22.55	1.97	24.9	3.55
22.6	1.99	33.7	3.54
22.65	2.07	95.7	3.56
22.7	4.48	145.8	3.56
22.75	6.45	107.6	3.55
22.8	3.99	98.1	3.55
22.85	2.7	89.4	3.57
22.9	2.48	82.9	3.56
22.95	2.34	76.4	3.55
23	2.12	59.5	3.56
23.05	1.98	45.4	3.55
23.1	2.08	32.7	3.55
23.15	2.01	33.6	3.55	
23.2	2.09	40.7	3.56	
23.25	2.17	40	3.55	
23.3	2.17	36	3.55	105.06
23.35	2.27	27.9	3.55	
23.4	2.22	34.2	3.56	
23.45	2.28	35.7	3.55	
23.5	2.06	37.6	3.55	
23.55	1.83	55.7	3.55	
23.6	1.73	46.2	3.55	
23.65	2.08	45.2	3.55	
23.7	1.98	40.4	3.58	
23.75	2.1	45.4	3.55	
23.8	2.3	44	3.55	
23.85	2.48	49.6	3.55	
23.9	2.63	55.4	3.55	
23.95	2.88	67.7	3.55
24	2.96	78.3	3.55
24.05	3.19	81.9	3.55
24.1	3.27	79	3.55
24.15	3.16	76	3.55
24.2	3.16	76.9	3.54
24.25	3.23	79.1	3.54
24.3	3.31	83.5	3.54
24.35	3.42	91.6	3.54
24.4	3.51	104.4	3.54
24.45	3.5	118.9	3.54
24.5	3.6	126.2	3.54
24.55	3.75	140.6	3.54
24.6	3.55	137.2	3.54
24.65	3.52	141.7	3.53
24.7	3.37	131.5	3.45
24.75	3.53	138	3.45	
24.8	3.19	142.4	3.45	
24.85	3.44	140.9	3.46	
24.9	3.2	120.4	3.45	
24.95	2.93	103.7	3.45	
25	2.88	107.9	3.44	
25.05	2.85	105.4	3.44	
25.1	3.1	94.4	3.45	
25.15	3.32	79.9	3.35	
25.2	2.87	73.1	3.39	
25.25	3.18	71.4	3.37	113.42
25.3	3.1	61.8	3.37	
25.35	2.78	50.8	3.37	
25.4	2.15	27.5	3.37	
25.45	1.87	35.6	3.35	
25.5	2.13	45.5	3.35	
25.55	2.03	48.2	3.35
25.6	1.93	47.6	3.35
25.65	2.13	60	3.35
25.7	2.71	37.9	3.35
25.75	2.58	27.2	3.35
25.8	1.95	21.7	3.35
25.85	2.07	34.5	3.35
25.9	2.28	33.7	3.35
25.95	2.18	38.9	3.35
26	2.38	35	3.33
26.05	2.18	39.4	3.35
26.1	2.18	35.3	3.35
26.15	2.23	34.8	3.35
26.2	2.16	34.4	3.35
26.25	2.01	36.4	3.35
26.3	2.24	42.2	3.35
26.35	2.09	50.1	3.31
26.4	2.14	52.9	3.37
26.45	2.13	48.8	3.37
26.5	2.21	43.1	3.37
26.55	2.27	34.8	3.37
26.6	2.25	38.7	3.37
26.65	2.24	39.4	3.37
26.7	2.27	38.5	3.37
26.75	2.28	39.6	3.36
26.8	2.27	37.5	3.36
26.85	2.33	38	3.36
26.9	2.21	35.9	3.36
26.95	2.28	35.8	3.36
27	2.38	40	3.36
27.05	2.34	43.8	3.36
27.1	2.22	41.1	3.36
27.15	2.21	40.5	3.36	121.21
27.2	2.33	41.9	3.37	
27.25	2.52	44.1	3.36	
27.3	2.42	36.4	3.36	
27.35	2.27	28.6	3.37	
27.4	2.01	25.2	3.35	
27.45	1.89	28.9	3.37	
27.5	1.77	38.6	3.37	
27.55	2.1	51	3.37	
27.6	2.26	48.7	3.37	
27.65	2.01	48.8	3.38	
27.7	1.99	53.4	3.38	
27.75	2.13	52.1	3.37	
27.8	1.99	48.3	3.37	
27.85	2.03	44.6	3.37	
27.9	2.05	42	3.37	
27.95	2.08	44.4	3.37
28	2.23	55.3	3.36
28.05	2.28	62.1	3.37
28.1	2.31	63	3.37
28.15	2.67	58	3.36
28.2	2.58	61.2	3.37
28.25	2.48	61.3	3.37
28.3	2.35	59.7	3.36
28.35	2.09	61	3.37
28.4	2.18	61.5	3.37
28.45	2.25	64.1	3.36
28.5	2.28	60.7	3.37
28.55	2.37	55.6	3.36
28.6	2.34	54.5	3.36
28.65	2.2	51.5	3.36
28.7	2.19	51	3.36
28.75	2.22	54.6	3.31	
28.8	2.31	60.5	3.3	
28.85	2.37	66.6	3.3	
28.9	2.37	68.2	3.31	
28.95	2.47	67.2	3.31	
29	2.38	60.3	3.3	
29.05	2.37	43	3.3	
29.1	2.31	36.3	3.31	
29.15	2.35	34.5	3.31	125.84
29.2	2.39	35	3.31	
29.25	2.23	40.7	3.34	
29.3	2.23	47.8	3.3	
29.35	2.23	55	3.3	
29.4	2.4	70.2	3.31	
29.45	2.94	70.8	3.3	
29.5	2.58	66.9	3.3	
29.55	2.3	64.8	3.31
29.6	2.29	61.9	3.3
29.65	2.27	63.8	3.3
29.7	2.4	65.8	3.3
29.75	2.61	63.5	3.3
29.8	2.46	59.6	3.3
29.85	2.41	56.2	3.3
29.9	2.18	51.1	3.3
29.95	2.12	39.2	3.3
30	2.14	38.6	3.3
30.05	2.2	42.1	3.3
30.1	2.26	45	3.3
30.15	2.26	46.7	3.31
30.2	2.39	64.2	3.3
30.25	2.61	80.4	3.27
30.3	2.58	93.4	3.3
30.35	2.68	86	3.3
30.4	2.68	84.2	3.3
30.45	2.66	82.8	3.3
30.5	2.74	86.7	3.3
30.55	2.7	86	3.3
30.6	2.51	84.9	3.3
30.65	2.53	74.4	3.3
30.7	2.48	71.6	3.3
30.75	2.59	70.4	3.3
30.8	2.45	71.3	3.3
30.85	2.46	70.4	3.3
30.9	2.43	63.8	3.3
30.95	2.37	58.4	3.3
31	2.39	56.3	3.31
31.05	2.33	57.3	3.3
31.1	2.4	55.5	3.3	135.1
31.15	2.47	57	3.3	
31.2	2.51	56.4	3.3	
31.25	2.52	55.6	3.3	
31.3	2.58	62.8	3.3	
31.35	2.74	69.6	3.3	
31.4	2.94	82.8	3.31	
31.45	3.48	90.3	3.3	
31.5	3.56	81.8	3.3	
31.55	3.31	65.6	3.3	
31.6	3.02	55.1	3.3	
31.65	2.85	58.8	3.3	
31.7	2.74	64.4	3.3	
31.75	3.11	69.5	3.28	
31.8	3.26	87.3	3.33	
31.85	3.65	109.6	3.33	
31.9	3.82	126.3	3.33	
31.95	3.89	124	3.29
32	3.87	124.6	3.34
32.05	3.62	113.6	3.34
32.1	3.36	101	3.33
32.15	3.2	94.3	3.33
32.2	3.03	89	3.33
32.25	2.92	82.4	3.33
32.3	2.77	76	3.33
32.35	2.61	71.7	3.33
32.4	2.52	63.8	3.33
32.45	2.47	55.2	3.33
32.5	2.39	53.9	3.33
32.55	2.34	50.7	3.33
32.6	2.38	49.1	3.33
32.65	2.33	50.5	3.33
32.7	2.31	42.3	3.33
32.75	2.39	47	3.34	
32.8	2.4	47.6	3.34	
32.85	2.43	42.6	3.34	
32.9	2.32	48.2	3.34	
32.95	2.96	56.2	3.34	
33	3.92	70.4	3.34	
33.05	4.58	88.2	3.34	143.2
33.1	4.67	61.8	3.34	
33.15	3.21	51.9	3.33	
33.2	3.11	41.9	3.33	
33.25	3.29	82	3.33	
33.3	3.64	70.4	3.33	
33.35	3.17	60	3.31	
33.4	2.8	42	3.33	
33.45	2.69	31.6	3.33	
33.5	2.37	22.8	3.33	
33.55	2.3	40.4	3.32
33.6	2.55	40.9	3.32
33.65	2.75	39.7	3.33
33.7	2.59	36.5	3.33
33.75	2.7	39.2	3.33
33.8	2.65	32	3.32
33.85	2.49	34.2	3.33
33.9	2.62	32.4	3.34
33.95	2.7	42.9	3.33
34	3.29	48.8	3.33
34.05	2.94	65	3.33
34.1	2.97	75	3.32
34.15	4.11	59.6	3.33
34.2	3.04	61.9	3.33
34.25	3.07	29.2	3.33
34.3	2.71	26.6	3.33
34.35	2.5	21.8	3.33
34.4	2.67	21	3.33
34.45	2.42	28.5	3.34
34.5	2.58	33.2	3.31
34.55	2.92	67.4	3.33
34.6	3.68	68.1	3.33
34.65	3.94	63.8	3.32
34.7	3.12	50.4	3.34
34.75	2.94	28.9	3.33
34.8	2.84	25.6	3.33
34.85	2.71	26.4	3.33
34.9	2.76	22.7	3.33
34.95	2.75	23	3.33
35	2.61	24.4	3.33	146.5
35.05	3.19	42.1	3.33
35.1	3.19	46.4	3.33
35.15	3.77	51.2	3.33	
35.2	3.28		3.33	
35.25	3.75		3.33	
