File name:	Oak042
Date:	2/5/1999	
UTM Grid Zone:	10S	
"UTM-X, m:"	569429	
"UTM-Y, m:"	4173643	
Datum:	1927 NAD	
"Elevation, m:"	1.5	 
"Total depth, m:"	18.20	
"Water depth, m:"	>0.2	 
City:	Oakland	
County:	Alameda	
State:	CA	
USGS Quadrangle:	San Leandro	
Cone No.:	660tc	
Source:	USGS	
"Surface horiz. offset (seismic source to CPT), m:"	0.96	

Depth (m)	Tip Resistance (MN/m2)	Sleeve Friction (kN/m2)	Inclination (degree)	S-wave travel time (ms)
0.05	1.68	29.1	0.07	
0.1	2.23	46.9	0.02	
0.15	5.7	121.8	0.02	
0.2	4.78	185	0.02	
0.25	16.64	121.4	0.04	
0.3	9.4	93.6	0.08	
0.35	7.32	146.3	0.15	
0.4	9.03	158.7	0.25	
0.45	7.25	135.8	0.27	
0.5	9.07	82.9	0.29	
0.55	9.97	94.2	0.29	
0.6	10.39	99	0.3	
0.65	12.58	113.3	0.3	
0.7	16.2	88.6	0.35	
0.75	18.64	113.2	0.34
0.8	20	142.8	0.37
0.85	22.32	170.9	0.37
0.9	23.26	185.6	0.39
0.95	23.43	205.8	0.37
1	23.05	205.5	0.37
1.05	22.11	185.2	0.37
1.1	22.06	177.9	0.4
1.15	22.47	175	0.41
1.2	22.17	184.8	0.4
1.25	21.72	176.7	0.41
1.3	20.51	173.1	0.42
1.35	20.07	158.5	0.44
1.4	20.37	147.7	0.44
1.45	19.65	166.9	0.44
1.5	19.79	142.5	0.52
1.55	18.93	144	0.5	
1.6	19.02	143.5	0.51	
1.65	18.32	48.4	0.51	
1.7	18.09	65.8	0.52	
1.75	15.79	95.7	0.53	9.84
1.8	16.16	116.8	0.57	
1.85	16.79	125.1	0.58	
1.9	16.03	130.7	0.63	
1.95	16.66	134.9	0.63	
2	16.82	137.9	0.63	
2.05	16.72	132.4	0.64	
2.1	16.49	136.5	0.64	
2.15	16.07	141	0.64	
2.2	14.5	127	0.64	
2.25	13.84	119.6	0.64	
2.3	14.27	121.5	0.64	
2.35	13.96	118.7	0.65
2.4	13.64	111.8	0.76
2.45	13.82	104.6	0.76
2.5	14.1	102.8	0.77
2.55	14.16	107.3	0.77
2.6	13.65	102.8	0.77
2.65	13.15	102.2	0.77
2.7	13.12	39.2	0.77
2.75	13.22	54.8	0.77
2.8	10.6	69.1	0.78
2.85	12.2	82.9	0.77
2.9	11.81	83.7	0.78
2.95	11.58	84.9	0.78
3	10.88	80	0.78
3.05	9.6	75.7	0.78
3.1	7.9	71.7	0.78
3.15	5.93	101.7	0.78
3.2	4.75	67.2	0.78
3.25	4.52	53.7	0.78
3.3	4.49	39.5	0.78
3.35	2.69	31.7	0.78
3.4	1.54	17.7	0.81
3.45	0.55	3.4	0.78
3.5	0.23	2.5	0.78
3.55	0.37	12.3	0.78
3.6	4.27	23.3	0.78
3.65	3.71	41	0.78
3.7	1.92	12.3	3.34
3.75	1.37	7	3.34	18.49
3.8	1.53	3.3	3.33
3.85	0.36	0.9	1.26
3.9	0.35	0.7	1.25
3.95	0.34	0.5	1.24	
4	0.33	0.2	1.29	
4.05	0.32	0.4	1.3	
4.1	0.32	0.8	1.29	
4.15	0.29	1.1	1.3	
4.2	0.32	0.8	1.32	
4.25	0.31	0.8	1.27	
4.3	0.3	0.3	1.32	
4.35	0.31	0.4	1.32	
4.4	0.34	-0.1	1.31	
4.45	0.29	-0.1	1.32	
4.5	0.29	0.3	1.32	
4.55	0.3	-0.3	1.33	
4.6	0.33	-0.2	1.33	
4.65	0.37	-0.3	1.33	
4.7	0.31	-0.3	1.33	
4.75	0.29	-2	1.33
4.8	0.32	-0.7	1.33
4.85	0.32	-0.5	1.33
4.9	0.34	-0.4	1.44
4.95	0.36	-0.7	1.44
5	0.34	-0.8	1.44
5.05	0.33	-0.4	1.44
5.1	0.38	-0.6	1.51
5.15	0.38	-0.6	1.52
5.2	0.37	-0.4	1.52
5.25	0.37	-0.5	1.51
5.3	0.36	-0.5	1.57
5.35	0.4	-0.1	1.57
5.4	0.37	-0.3	1.58
5.45	0.41	0.1	1.58
5.5	0.37	-0.5	1.58
5.55	0.38	-0.5	1.58	
5.6	0.39	-0.4	1.59	
5.65	0.39	-0.4	1.59	
5.7	0.47	-0.4	1.6	40.83
5.75	0.38	-0.1	1.71	
5.8	0.4	-0.2	1.75	
5.85	0.41	-0.4	1.75	
5.9	0.4	-0.5	1.77	
5.95	0.43	-0.5	1.84	
6	0.39	-0.5	1.84	
6.05	0.4	-0.7	1.84	
6.1	0.42	-0.7	1.85	
6.15	0.4	-0.8	1.85	
6.2	0.38	-0.9	1.85	
6.25	0.41	-0.8	1.85	
6.3	0.42	-0.6	1.83	
6.35	0.42	-1.2	1.85
6.4	0.44	13	1.85
6.45	1.15	11.2	1.85
6.5	0.58	10.7	1.85
6.55	0.45	-0.1	1.85
6.6	0.45	0.2	1.81
6.65	0.46	1.1	1.85
6.7	0.52	0.8	2.18
6.75	0.43	1.1	2.16
6.8	0.46	1.5	2.16
6.85	0.51	0.8	2.2
6.9	0.45	4	2.23
6.95	0.58	4.2	2.23
7	0.6	9.5	2.23
7.05	1.95	21.9	2.24
7.1	2.04	37.9	2.24
7.15	1.39	58	2.25	
7.2	2.87	68.9	2.3	
7.25	3.58	79.7	2.3	
7.3	4	98.9	2.42	
7.35	4.22	87.1	2.44	
7.4	3.38	75.1	2.45	
7.45	3.18	55.7	2.46	
7.5	2.67	48.1	2.48	
7.55	2.11	45.8	2.46	
7.6	2.13	65.1	2.45	
7.65	2.83	90.3	2.47	59.49
7.7	6.64	126.2	2.44	
7.75	6.06	45	2.44	
7.8	4.47	44.8	2.42	
7.85	3.19	67.3	2.41	
7.9	2.79	65.3	2.42	
7.95	2.38	61	2.42
8	2.79	58.4	2.42
8.05	2.44	52.8	2.41
8.1	2.07	42.9	2.39
8.15	1.64	33.6	2.39
8.2	1.14	24.3	2.39
8.25	0.87	14.1	2.39
8.3	0.8	16	2.38
8.35	1.09	27.9	2.39
8.4	1.41	60	2.39
8.45	2.73	69.4	2.39
8.5	3.8	56.8	2.35
8.55	3.11	20.1	2.36
8.6	1.8	15.3	2.37
8.65	1.35	13.2	2.37
8.7	1.31	13.3	2.39
8.75	1.33	15.1	2.39
8.8	1.3	16.9	2.37
8.85	1.27	16.4	2.39
8.9	1.18	17.6	2.42
8.95	1.07	17.1	2.41
9	1.26	18.3	2.42
9.05	1.35	21.1	2.42
9.1	1.46	25.7	2.41
9.15	1.51	27.7	2.42
9.2	1.72	33.1	2.48
9.25	1.59	40.8	2.48
9.3	1.85	49.8	2.49
9.35	1.92	46.8	2.49
9.4	1.65	44.6	2.49
9.45	1.64	41.7	2.46
9.5	1.76	56	2.44
9.55	1.99	64.3	2.48	
9.6	2.02	72.2	2.47	69.93
9.65	1.97	63.5	2.47	
9.7	1.65	53.3	2.48	
9.75	1.31	38.4	2.47	
9.8	1.29	28.2	2.47	
9.85	1.51	54.2	2.48	
9.9	2.53	67.6	2.46	
9.95	2.8	59.5	2.49	
10	2.43	46.8	2.49	
10.05	2.34	43.4	2.49	
10.1	2.49	55.6	2.49	
10.15	2.78	65.9	2.49	
10.2	2.72	77.9	2.5	
10.25	2.71	83.6	2.51	
10.3	2.53	83.7	2.59	
10.35	2.54	75.6	2.59
10.4	2.46	76.6	2.59
10.45	2.97	89.6	2.69
10.5	2.78	85.8	2.7
10.55	2.54	87.5	2.72
10.6	2.89	103.9	2.73
10.65	3.67	109.9	2.73
10.7	3.34	108.1	2.73
10.75	3	90.4	2.73
10.8	2.86	82.1	2.74
10.85	2.96	73.9	2.74
10.9	2.92	71.1	2.76
10.95	3.07	59.5	2.75
11	2.92	50.1	2.75
11.05	2.7	49.4	2.75
11.1	2.4	48.6	2.75
11.15	2.25	56.8	2.75	
11.2	2.3	69.8	2.75	
11.25	2.51	77.5	2.75	
11.3	2.88	86.9	2.75	
11.35	2.5	80.8	2.76	
11.4	2.13	68.1	2.76	
11.45	2.07	62.9	2.8	
11.5	2.15	64.5	2.8	
11.55	2.37	65.5	2.85	79.26
11.6	2.29	65.4	2.86	
11.65	2.18	75.2	2.9	
11.7	1.98	70	2.91	
11.75	1.87	65.7	2.9	
11.8	1.91	67.6	2.91	
11.85	2.04	73.6	2.92	
11.9	1.73	70.6	2.92	
11.95	1.51	54.4	2.92
12	1.59	43	2.93
12.05	1.38	31.8	2.93
12.1	0.78	22.3	2.94
12.15	0.89	17.2	2.94
12.2	0.95	13.5	2.94
12.25	1.13	14.4	2.94
12.3	1.16	14.3	2.95
12.35	1.02	13.8	3
12.4	1.16	17.6	3.01
12.45	1.18	18.4	3
12.5	1.14	16.7	3
12.55	1.13	13.4	3.01
12.6	1.18	12	3.03
12.65	1.1	13.3	3.09
12.7	1.15	14.3	3.11
12.75	1.12	13.8	3.12
12.8	1.1	7.2	3.11
12.85	1.13	6.3	3.11
12.9	1.34	7.1	3.15
12.95	1.34	10.5	3.15
13	1.74	6.7	3.15
13.05	1.86	13.3	3.14
13.1	1.97	21.4	3.15
13.15	2.17	32.9	3.15
13.2	2.5	43.8	3.16
13.25	2.82	55	3.2
13.3	2.82	66.6	3.22
13.35	2.66	71.2	3.22
13.4	2.61	67.3	3.23
13.45	2.59	64	3.25
13.5	2.63	68.4	3.24	89
13.55	2.6	67.7	3.24	
13.6	2.61	64.6	3.24	
13.65	2.65	62.7	3.24	
13.7	2.58	70.3	3.24	
13.75	2.43	66.2	3.24	
13.8	2.4	70.4	3.25	
13.85	2.4	66.1	3.27	
13.9	2.14	65.3	3.28	
13.95	1.9	52.1	3.27	
14	1.89	52.2	3.27	
14.05	1.97	40	3.28	
14.1	1.95	42.1	3.28	
14.15	2.18	55.8	3.28	
14.2	2.51	81.8	3.27	
14.25	3.15	99.9	3.28	
14.3	2.67	93.2	3.28	
14.35	2.34	75.6	3.29
14.4	2.16	67.8	3.28
14.45	2.38	68.9	3.3
14.5	2.45	77.2	3.28
14.55	2.5	84.9	3.27
14.6	2.61	87.6	3.24
14.65	2.71	80.6	3.23
14.7	2.71	74.5	3.17
14.75	2.76	77.1	3.15
14.8	2.82	65.2	3.13
14.85	2.81	67.9	3.13
14.9	2.59	68.1	3.08
14.95	2.71	62.3	3.08
15	2.65	59.4	3.08
15.05	2.56	61.6	3.09
15.1	2.37	53.1	3.09
15.15	2.23	45.7	3.06	
15.2	2.05	37.2	3.13	
15.25	1.83	30.9	3.14	
15.3	1.56	26.5	3.14	
15.35	1.56	28.5	3.14	
15.4	1.68	36.7	3.14	
15.45	1.8	42.8	3.15	
15.5	1.8	42.1	3.13	99.29
15.55	1.77	40.6	3.13	
15.6	1.67	31.9	3.13	
15.65	1.61	28.7	3.13	
15.7	1.5	20.4	3.13	
15.75	1.44	21.5	3.13	
15.8	1.66	29.5	3.16	
15.85	1.84	43.3	3.17	
15.9	2.33	52.5	3.21	
15.95	1.95	35.2	3.22
16	1.5	23.7	3.22
16.05	1.46	15.2	3.22
16.1	1.55	34.4	3.22
16.15	2.1	33.9	3.24
16.2	2	28.9	3.22
16.25	2.24	16.4	3.23
16.3	2.01	21.2	3.24
16.35	2.25	56.7	3.22
16.4	2.86	118.1	3.23
16.45	6.21	135.2	3.23
16.5	4.26	146.1	3.23
16.55	4.33	180.1	3.24
16.6	6.88	286	3.63
16.65	10.45	288.3	3.55
16.7	16.21	245.7	3.57
16.75	19.43	156.7	3.64
16.8	20.27	93.8	3.65
16.85	18.9	123.4	3.7
16.9	16.72	142.4	3.77
16.95	16.86	98	3.78
17	16.34	134.6	3.78
17.05	15.59	217.3	3.8
17.1	17.37	208	3.83
17.15	19.62	150.3	3.81
17.2	21.79	147.4	3.81
17.25	22.04	174	3.81
17.3	23.82	175.6	3.78
17.35	25.99	189.7	3.77
17.4	29.41	198.3	3.74
17.45	30.22	211.7	3.69	106.45
17.5	30.53	264.1	3.69
17.55	33.52	289.7	3.68	
17.6	33.91	262.2	3.66	
17.65	34.42	86.4	3.63	
17.7	36.19	157.7	3.6	
17.75	23.78	225.9	3.55	
17.8	36.1	228.1	3.55	
17.85	32.84	222	3.5	
17.9	33.01	253.8	3.5	
17.95	36.65	279	3.51	109.97
18	37.98	256.9	3.51	
18.05	43.12	267.1	3.53	
18.1	47.7	304.7	3.52	
18.15	49.44		3.58	
18.2	52.67		3.58	
