File name:	Oak043
Date:	2/8/1999	
UTM Grid Zone:	10S	
"UTM-X, m:"	567814	
"UTM-Y, m:"	4173820	
Datum:	1927 NAD	
"Elevation, m:"	1	 
"Total depth, m:"	30.65	
"Water depth, m:"	>0.3	 
City:	Oakland	
County:	Alameda	
State:	CA	
USGS Quadrangle:	San Leandro	
Cone No.:	660tc	
Source:	USGS	
"Surface horiz. offset (seismic source to CPT), m:"	0.96	

Depth (m)	Tip Resistance (MN/m2)	Sleeve Friction (kN/m2)	Inclination (degree)	S-wave travel time (ms)
0.05	11.29	169	0.09	
0.1	13.3	197.4	0.09	
0.15	14.33	148.6	0.11	
0.2	16.31	280.6	0.17	
0.25	22	540.4	0.15	
0.3	24.07	410	0.19	
0.35	47.11	551.8	0.32	
0.4	44.95	632.9	0.52	
0.45	38.25	255.5	0.68	
0.5	33.78	247.1	0.71	
0.55	30.51	326	1.08	
0.6	46.37	276.6	1.14	
0.65	24.64	299.5	1.12	
0.7	17.85	386.9	1.15	
0.75	12.21	310.1	1.15
0.8	7.2	256.6	1.1
0.85	11.28	186.5	1.09
0.9	12.68	260.7	1
0.95	13.42	362.1	0.92
1	12.69	307.3	0.9
1.05	12.96	232.2	0.89
1.1	14.6	190.7	0.78
1.15	14.76	171.4	0.74
1.2	13.91	159.3	0.71
1.25	11.98	119.6	0.7
1.3	10.37	91.7	0.68
1.35	8.85	78.9	0.64
1.4	5.73	77.8	0.71
1.45	4.41	61.3	0.72
1.5	4.05	39.6	0.71
1.55	3.89	84.8	0.72	
1.6	4.16	112.9	0.75	
1.65	4.11	124.9	0.85	
1.7	2.8	88.6	0.86	9.35
1.75	2.25	68.4	0.91	
1.8	2.42	63.9	0.91	
1.85	1.37	54.4	0.94	
1.9	0.93	50.7	0.96	
1.95	0.98	39.7	0.95	
2	0.75	43.5	1.05	
2.05	0.69	42.1	0.95	
2.1	0.72	39.7	0.95	
2.15	0.84	35.9	0.95	
2.2	1.05	36.1	0.94	
2.25	0.87	34.9	0.94	
2.3	0.77	31.4	0.94	
2.35	0.57	32.1	0.94
2.4	0.51	24.9	0.95
2.45	0.52	25.2	0.92
2.5	0.59	19.2	0.91
2.55	0.8	21.1	0.9
2.6	0.76	23.3	0.93
2.65	0.7	25	0.93
2.7	1	25.4	0.93
2.75	0.6	14	0.93
2.8	0.56	10.6	0.93
2.85	0.4	8.6	0.86
2.9	0.34	10	0.93
2.95	0.35	7.7	0.89
3	0.37	7.5	0.88
3.05	0.3	6.8	0.88
3.1	0.32	8	0.89
3.15	0.46	5.1	0.87	
3.2	0.43	5	0.89	
3.25	0.39	4.8	0.88	
3.3	0.39	5.4	0.89	
3.35	0.42	2.4	0.89	
3.4	0.44	4.7	0.91	
3.45	0.37	4.4	0.91	
3.5	0.5	3.7	0.92	
3.55	0.41	4.3	0.88	
3.6	0.42	3.6	0.92	
3.65	0.42	4.5	0.92	21.39
3.7	0.41	5.9	0.91	
3.75	0.5	6.7	0.91	
3.8	0.5	5.9	0.91	
3.85	0.44	5.7	0.91	
3.9	0.38	5.9	0.9	
3.95	0.48	4.3	0.9
4	0.46	6.1	0.91
4.05	0.52	6.7	0.91
4.1	0.63	0.7	0.91
4.15	0.53	5.2	0.9
4.2	0.18	3.3	0.92
4.25	0.47	3.7	0.91
4.3	0.45	4.1	0.92
4.35	0.52	4.7	0.92
4.4	0.38	4.9	0.93
4.45	0.44	4.7	0.91
4.5	0.36	4.6	0.92
4.55	0.38	4.3	0.92
4.6	0.42	4.4	0.92
4.65	0.41	4.4	0.92
4.7	0.47	4.5	0.92
4.75	0.41	4.3	0.92
4.8	0.44	4.3	0.92
4.85	0.36	3.9	0.93
4.9	0.38	4.4	0.92
4.95	0.38	4	0.93
5	0.37	4.2	0.93
5.05	0.4	3.9	0.93
5.1	0.39	4	0.93
5.15	0.43	4	0.93
5.2	0.44	4.4	0.94
5.25	0.42	4	0.94
5.3	0.43	4	0.93
5.35	0.39	4.3	0.94
5.4	0.43	4.2	0.93
5.45	0.4	4.8	0.94
5.5	0.43	3.4	0.94
5.55	0.43	4.6	0.94	
5.6	0.45	5.6	0.93	
5.65	0.46	6.4	0.95	39.01
5.7	0.46	6.3	0.94	
5.75	0.48	7.6	0.94	
5.8	0.35	5.9	0.94	
5.85	0.38	4	0.94	
5.9	0.47	5.4	0.92	
5.95	0.79	4	0.94	
6	0.62	0.6	0.95	
6.05	0.42	3.8	0.95	
6.1	0.23	7.8	1	
6.15	0.44	10.3	1	
6.2	0.9	9.2	0.99	
6.25	1.5	9.1	0.97	
6.3	1.38	9.7	0.94	
6.35	1.49	9.3	0.83
6.4	2.19	25.9	0.82
6.45	4.28	64.4	0.79
6.5	8.11	99.4	0.82
6.55	9.98	147.8	0.89
6.6	10.56	185.8	0.92
6.65	10	125.7	0.94
6.7	6.79	67	0.93
6.75	3.94	29.6	0.94
6.8	4.03	16.6	0.94
6.85	5.21	14.5	0.95
6.9	6.63	28.4	0.94
6.95	7.38	34.1	0.95
7	6.16	34.6	0.94
7.05	4.14	33.6	0.94
7.1	3.42	37.4	0.93
7.15	3.5	61.4	0.79	
7.2	3.51	73.3	0.79	
7.25	3.8	99.9	0.75	
7.3	4.84	93.3	0.71	
7.35	5.68	123.5	0.69	
7.4	7.16	169.6	0.68	
7.45	9.29	231.7	0.61	
7.5	11.17	293.7	0.61	
7.55	13.28	377.7	0.57	
7.6	13.32	419.1	0.57	53.43
7.65	13.55	421.4	0.57	
7.7	16.25	458.2	0.56	
7.75	17.93	239.1	0.56	
7.8	18.7	284.9	0.38	
7.85	18.03	368.7	0.35	
7.9	18.32	347.6	0.34	
7.95	18	284.4	0.34
8	17.34	271.7	0.27
8.05	16.68	281.3	0.25
8.1	16.62	45.6	0.24
8.15	16.98	109.4	0.23
8.2	16.21	3.7	0.23
8.25	18.28	99.9	0.23
8.3	5.81	118.6	0.24
8.35	14.92	139.9	0.24
8.4	18.96	111.6	0.24
8.45	19.17	110.5	0.24
8.5	19.7	114.9	0.24
8.55	21.66	123.6	0.23
8.6	22.61	151.7	0.19
8.65	24.19	214.2	0.17
8.7	23.92	286.2	0.14
8.75	23.8	368.7	0.13
8.8	23.75	415.1	0.17
8.85	23.96	360.6	0.17
8.9	23.9	352.6	0.17
8.95	23.49	352.3	0.17
9	22.75	374.2	0.16
9.05	22.76	397.2	0.17
9.1	23.57	406.4	0.16
9.15	23.12	436	0.1
9.2	22.63	56.8	0.12
9.25	21.09	138	0.1
9.3	21.22	236.7	0.17
9.35	21.43	217.1	0.15
9.4	21.35	195.3	0.16
9.45	19.02	213.6	0.18
9.5	20.58	170.2	0.16
9.55	20.3	183.2	0.15	
9.6	19.22	163.8	0.17	60.35
9.65	17.99	172.7	0.17	
9.7	15.58	123.4	0.17	
9.75	13.5	120.1	0.17	
9.8	11.01	36.6	0.14	
9.85	8.46	40.3	0.18	
9.9	5.78	110	0.18	
9.95	7.21	138.6	0.21	
10	10.48	76.5	0.21	
10.05	11.95	80.6	0.2	
10.1	9.68	81.3	0.24	
10.15	7.01	78.3	0.27	
10.2	3.77	91.8	0.23	
10.25	2.66	102	0.24	
10.3	2.16	100.3	0.23	
10.35	1.88	78.2	0.24
10.4	1.69	84.8	0.24
10.45	0.97	68.9	0.26
10.5	1.63	63	0.27
10.55	1.78	57.7	0.25
10.6	1.66	52.8	0.27
10.65	1.67	37	0.26
10.7	1.57	34.3	0.26
10.75	1.6	33.6	0.26
10.8	1.85	29.7	0.26
10.85	1.7	28.9	0.27
10.9	1.6	24.3	0.32
10.95	1.56	23.3	0.34
11	1.52	28.3	0.31
11.05	1.49	24.2	0.31
11.1	1.37	26.8	0.31
11.15	1.44	21.9	0.33	
11.2	1.6	15.5	0.34	
11.25	1.97	11	0.34	
11.3	2.29	5.3	0.34	
11.35	2.26	8.4	0.34	
11.4	2.04	19.4	0.34	
11.45	2.08	33.3	0.35	
11.5	2.25	56.4	0.4	
11.55	2.41	87	0.4	
11.6	2.58	125.7	0.41	67.15
11.65	2.69	150.2	0.41	
11.7	2.57	154.5	0.4	
11.75	2.22	132.2	0.43	
11.8	2.18	98.2	0.44	
11.85	1.9	81.7	0.44	
11.9	2.02	79.8	0.44	
11.95	2.19	74.5	0.45
12	2.12	68	0.48
12.05	2.25	58.4	0.48
12.1	2.29	61.8	0.48
12.15	2.31	63.7	0.5
12.2	2.52	72.6	0.48
12.25	2.66	86.2	0.48
12.3	2.85	91.9	0.48
12.35	3.05	93.6	0.49
12.4	2.92	116.8	0.48
12.45	3.5	142.8	0.48
12.5	4.51	200.6	0.48
12.55	5.73	238.2	0.46
12.6	6.47	112.9	0.48
12.65	4.77	70.1	0.48
12.7	3.03	61	0.44
12.75	2.58	77	0.48
12.8	2.68	92.2	0.48
12.85	2.67	105	0.49
12.9	2.54	100.5	0.48
12.95	2.61	98.3	0.48
13	2.66	92.3	0.49
13.05	2.52	78.1	0.49
13.1	2.25	58.3	0.48
13.15	2.13	53.5	0.48
13.2	1.84	62.7	0.48
13.25	1.83	68	0.49
13.3	1.81	62.6	0.48
13.35	1.88	49.5	0.49
13.4	1.85	48.7	0.48
13.45	1.82	48.8	0.49
13.5	1.9	48.5	0.71
13.55	1.89	53.5	0.76	74.42
13.6	2.32	52.2	0.77	
13.65	2.18	44.4	0.78	
13.7	1.97	33.2	0.77	
13.75	2	19.6	0.77	
13.8	1.79	15.8	0.77	
13.85	1.56	14.4	0.77	
13.9	1.69	17.4	0.77	
13.95	1.83	18.1	0.76	
14	1.61	20.6	0.76	
14.05	1.58	28	0.74	
14.1	1.58	42.1	0.76	
14.15	1.73	46.8	0.75	
14.2	1.72	49.1	0.76	
14.25	1.81	51.6	0.75	
14.3	1.87	53.5	0.76	
14.35	2.09	57.1	0.75
14.4	1.85	58.7	0.76
14.45	1.84	60.8	0.76
14.5	1.72	57.7	0.78
14.55	1.59	45.7	0.76
14.6	1.47	36.1	0.78
14.65	1.33	30.4	0.77
14.7	1.37	19.5	0.77
14.75	1.36	65.2	0.77
14.8	3.12	169.4	0.77
14.85	6.7	221.8	0.78
14.9	11.12	198.6	0.79
14.95	15.77	129.5	0.78
15	18.04	78.3	0.81
15.05	18.64	82.1	0.74
15.1	19.28	84.5	0.67
15.15	18.43	78.1	0.68	
15.2	18.11	82	0.68	
15.25	19.3	83.5	0.69	
15.3	22.38	118	0.71	
15.35	23.36	101.6	0.69	
15.4	22.56	110.4	0.7	
15.45	22.58	110.5	0.69	
15.5	27.06	13.8	0.7	85.62
15.55	34.09	74.4	0.87	
15.6	20.83	180.7	0.87	
15.65	35.84	160.9	0.88	
15.7	39.26	225.9	0.87	
15.75	40.75	297.2	0.94	
15.8	39.13	296.4	0.97	
15.85	34.88	255.5	0.96	
15.9	31.8	167.3	0.96	
15.95	30.74	221.8	0.96
16	32.05	201.3	0.96
16.05	30.46	174.9	1.15
16.1	28.87	152.9	1.15
16.15	26.51	195.5	1.13
16.2	26.51	156.2	1.13
16.25	29.07	155.3	1.13
16.3	31.21	166.6	1.15
16.35	33.13	232.8	1.18
16.4	34.26	195.1	1.17
16.45	38.52	208.2	1.16
16.5	37.11	171.4	0.89
16.55	33.02	89.8	1.11
16.6	26.89	95.4	1.11
16.65	27.05	88.7	1.34
16.7	19.03	137.1	1.33
16.75	9.51	197.2	1.33
16.8	4.39	166.9	1.33
16.85	2.7	47.7	1.32
16.9	2.19	26	1.32
16.95	2.2	25.7	1.32
17	2.24	26.6	1.32
17.05	2.18	20.6	1.32
17.1	2.22	51.5	1.35
17.15	2.74	131.4	1.35
17.2	14.01	252.6	1.35
17.25	8.36	190.5	1.35
17.3	4.49	120.1	1.35
17.35	4.32	79.6	1.36
17.4	3.68	108.2	1.36
17.45	3.26	89	1.36	93.74
17.5	2.96	61.3	1.69
17.55	2.47	59.8	1.7	
17.6	2.72	66.9	1.7	
17.65	2.74	88.6	1.7	
17.7	2.98	100.1	1.7	
17.75	3.1	98.2	1.7	
17.8	2.71	81.6	1.7	
17.85	2.49	73.1	1.7	
17.9	2.39	65.5	1.7	
17.95	2.19	64.4	1.69	
18	2.24	66.4	1.71	
18.05	2.19	65.3	1.7	
18.1	2.05	61.1	1.71	
18.15	1.96	56.4	1.74	
18.2	1.91	51.8	1.7	
18.25	1.85	47.5	1.75	
18.3	1.73	45.8	1.79	
18.35	1.76	50.9	1.79
18.4	1.77	52.8	1.8
18.45	1.86	51.7	1.79
18.5	1.8	50.4	1.8
18.55	1.74	49.9	1.8
18.6	1.73	46.5	1.8
18.65	1.8	43.6	1.91
18.7	1.66	39.4	1.91
18.75	1.57	35.2	1.97
18.8	1.65	35.7	1.96
18.85	1.55	30.6	1.97
18.9	1.48	29.4	1.97
18.95	1.43	27.1	1.97
19	1.48	28.9	1.98
19.05	1.53	29.9	2.08
19.1	1.49	30.5	2.09
19.15	1.66	32.6	2.09	
19.2	1.58	36.3	2.13	
19.25	1.7	43.4	2.13	
19.3	1.79	50.4	2.13	
19.35	1.93	45.3	2.15	
19.4	1.83	33.7	2.14	101.88
19.45	1.79	28.5	2.15	
19.5	1.91	30.4	2.15	
19.55	1.98	34	2.15	
19.6	2.29	29.5	2.15	
19.65	2.01	30.5	2.15	
19.7	1.9	38.3	2.16	
19.75	1.96	41.2	2.32	
19.8	2.01	38.5	2.3	
19.85	1.93	32.5	2.3	
19.9	1.9	36.6	2.3	
19.95	2.29	38.1	2.31
20	2.42	39.3	2.39
20.05	1.92	45.2	2.39
20.1	1.9	49.9	2.4
20.15	1.94	51.1	2.4
20.2	2.05	53.4	2.4
20.25	2.05	49.2	2.42
20.3	1.99	49.2	2.43
20.35	2.03	48.1	2.43
20.4	2.05	51.1	2.44
20.45	2	53.1	2.44
20.5	2.04	53.3	2.44
20.55	2.04	53.1	2.43
20.6	2.06	47.4	2.47
20.65	2	45.9	2.49
20.7	2.01	46.1	2.5
20.75	2.02	51	2.5
20.8	2.02	53.8	2.46
20.85	2.06	54.4	2.5
20.9	2.07	58.5	2.52
20.95	2.15	57.7	2.61
21	2.13	60.9	2.61
21.05	2.09	61.7	2.61
21.1	2.06	59	2.61
21.15	2.05	50	2.62
21.2	2	41.6	2.62
21.25	1.93	35.1	2.62
21.3	2.14	39.6	2.63
21.35	2.19	35.8	2.63	109.86
21.4	2.03	32.5	2.63
21.45	2.02	27.8	2.64
21.5	2.02	27.7	2.64
21.55	1.97	26.2	2.64	
21.6	1.84	23.9	2.64	
21.65	1.7	21.4	2.69	
21.7	1.76	21.1	2.7	
21.75	1.81	22.1	2.7	
21.8	1.97	26.9	2.71	
21.85	2.23	30.5	2.78	
21.9	2.24	34.3	2.8	
21.95	2.26	33.5	2.8	
22	2.31	43.1	2.8	
22.05	2.71	57.7	2.8	
22.1	3.3	68.6	2.82	
22.15	3.86	152.3	2.88	
22.2	7.83	255.9	2.88	
22.25	12.08	314.8	2.88	
22.3	13.69	326.6	2.88	
22.35	13.08	345.8	2.88
22.4	11.6	358.5	2.88
22.45	11.56	232.5	2.88
22.5	9.41	206.5	2.88
22.55	7.2	344.6	2.89
22.6	9.55	404.9	2.89
22.65	7.82	355.4	3.07
22.7	6.69	220.1	3.07
22.75	10.21	217.8	3.1
22.8	5.09	163	3.1
22.85	3.12	104.8	3.11
22.9	2.84	58.9	3.14
22.95	3.12	51.3	3.14
23	3.33	39.2	3.22
23.05	2.85	51.8	3.22
23.1	3.13	51.5	3.26
23.15	2.88	83.6	3.25	
23.2	3.4	148.4	3.26	
23.25	3.22	130.7	3.26	
23.3	2.75	85.9	3.26	118.98
23.35	2.44	65.9	3.27	
23.4	2.34	57.5	3.29	
23.45	2.22	58.2	3.29	
23.5	2.21	56.3	3.27	
23.55	2.22	56.4	3.29	
23.6	2.2	52.4	3.33	
23.65	2.17	44.1	3.33	
23.7	2.1	40.6	3.33	
23.75	2.14	39.7	3.33	
23.8	2.19	40.9	3.34	
23.85	2.2	40.2	3.35	
23.9	2.21	41.4	3.37	
23.95	2.25	41.7	3.37
24	2.27	38.8	3.38
24.05	2.31	31.3	3.37
24.1	2.29	36.5	3.38
24.15	2.46	83.2	3.38
24.2	3.8	147.1	3.46
24.25	6.74	162.1	3.46
24.3	5.21	210.3	3.46
24.35	9.48	179.8	3.45
24.4	8.63	232	3.45
24.45	6.48	332.5	3.45
24.5	9.13	292.5	3.45
24.55	18.02	216.2	3.46
24.6	18.44	178.3	3.46
24.65	16.98	168.7	3.48
24.7	15.93	211	3.48
24.75	13.01	279.5	3.47	
24.8	13	242.6	3.49	
24.85	14.25	130.5	3.51	
24.9	14.62	115.2	3.49	
24.95	13.22	126.4	3.49	
25	9.82	198.8	3.49	
25.05	6.85	148	3.49	
25.1	3.95	107.2	3.49	
25.15	2.57	65.9	3.49	
25.2	2.35	72.7	3.49	
25.25	2.32	68	3.49	126.35
25.3	2.24	63.7	3.48	
25.35	1.93	54.2	3.48	
25.4	2.07	45.9	3.48	
25.45	2.03	45	3.48	
25.5	2.18	49.1	3.48	
25.55	2.25	41.8	3.65
25.6	2.36	54.4	3.68
25.65	2.59	60	3.69
25.7	2.52	55.9	3.69
25.75	2.37	50.2	3.65
25.8	2.35	66.3	3.69
25.85	2.55	93.6	3.69
25.9	2.69	124	3.71
25.95	2.65	123.2	3.69
26	2.68	109	3.68
26.05	2.7	109.3	3.69
26.1	2.82	111.4	3.68
26.15	2.68	104.4	3.78
26.2	2.65	92	3.78
26.25	2.58	93.1	3.78
26.3	2.66	93.5	3.78
26.35	2.55	94.9	3.79
26.4	2.29	84.4	3.79
26.45	2.54	86.6	3.79
26.5	2.69	88.2	3.8
26.55	2.64	89.5	3.79
26.6	2.51	89.7	3.8
26.65	2.4	81.5	3.81
26.7	2.36	77.1	3.81
26.75	2.35	73	3.81
26.8	2.41	76.4	3.81
26.85	2.42	80.6	3.8
26.9	2.51	83.6	3.81
26.95	2.62	91.4	3.83
27	2.61	88.1	3.83
27.05	2.77	89	3.83
27.1	2.63	89.5	3.83
27.15	2.59	91	3.83	
27.2	2.59	21.9	3.83	135.80
27.25	2.61	84.6	3.83	
27.3	1.6	84.3	3.83	
27.35	2.59	88.2	3.83	
27.4	2.69	91.7	3.83	
27.45	2.68	95.6	3.83	
27.5	2.68	91	3.84	
27.55	2.9	92.4	3.83	
27.6	2.8	90.9	3.83	
27.65	2.68	92.7	3.83	
27.7	2.36	88.6	3.82	
27.75	2.57	84.2	3.82	
27.8	2.63	83.3	3.81	
27.85	2.6	79.3	3.81	
27.9	2.5	82.8	3.81	
27.95	2.47	80.2	3.81
28	2.48	78.1	3.82
28.05	2.38	70.2	3.81
28.1	2.38	67.4	3.81
28.15	2.34	67.4	3.81
28.2	2.34	60.2	3.82
28.25	2.35	63.4	3.82
28.3	2.42	67.4	3.85
28.35	2.59	80.1	3.82
28.4	2.5	76.6	3.82
28.45	2.52	75.5	3.86
28.5	2.53	73.6	3.86
28.55	2.72	73.5	3.87
28.6	2.91	73.3	3.88
28.65	2.86	78.1	3.88
28.7	2.76	78.2	3.88
28.75	2.73	80.3	3.84	
28.8	2.73	76	3.9	
28.85	2.68	73.9	3.88	
28.9	2.76	77.7	3.88	
28.95	2.8	81.3	3.88	
29	2.92	85.7	3.88	
29.05	3.1	95.7	3.88	
29.1	3.28	101.9	3.88	
29.15	3.28	107.4	3.88	143.77
29.2	3.26	126.3	3.88	
29.25	3.34	92.1	3.88	
29.3	3.07	102.1	3.88	
29.35	3.01	103.1	3.94	
29.4	2.98	113.6	3.94	
29.45	3.09	99.5	3.94	
29.5	3.11	109.1	3.94	
29.55	3.22	117.9	3.94
29.6	3.22	118.3	3.94
29.65	3.3	109.1	3.94
29.7	3.19	115.1	3.94
29.75	3.2	116.6	3.94
29.8	3.31	125.7	3.94
29.85	3.35	126.4	3.94
29.9	3.24	120.8	4.15
29.95	3.26	112.6	4.15
30	3.41	118.4	4.15
30.05	3.51	131.5	4.15
30.1	3.71	126.2	4.16
30.15	3.2	165	4.16
30.2	4.19	143	4.17
30.25	3.51	143.8	4.31
30.3	3.01	109.7	4.3
30.35	3	93.9	4.34	
30.4	3.08	86.2	4.38	148.17
30.45	3.11	105.8	4.39	
30.5	3.97	90.8	4.42	
30.55	3.04	83.1	4.43	
30.6	2.74		4.4	
30.65	3.3		4.43	
