File name:	Oak040
Date:	2/3/1999	
UTM Grid Zone:	10S	
"UTM-X, m:"	569953	
"UTM-Y, m:"	4175844	
Datum:	1927 NAD	
"Elevation, m:"	1.5	 
"Total depth, m:"	14.30	
"Water depth, m:"	>1.6	 
City:	Oakland	
County:	Alameda	
State:	CA	
USGS Quadrangle:	San Leandro	
Cone No.:	660tc	
Source:	USGS	
"Surface horiz. offset (seismic source to CPT), m:"	0.96	

Depth (m)	Tip Resistance (MN/m2)	Sleeve Friction (kN/m2)	Inclination (degree)	S-wave travel time (ms)
0.05	13.5	205	0	
0.1	37.7	413	0	
0.15	28	428	0	
0.2	22.2	432	0	
0.25	19	292	0	
0.3	15.9	197	0	
0.35	12.8	102	0	
0.4	10.4	84	0	
0.45	5	124	0	
0.5	3.7	136	0	
0.55	3.2	110	0	
0.6	2.8	111	0	
0.65	3.2	13	0	
0.7	3.1	12	0	
0.75	1.8	18	0
0.8	1.5	25	0
0.85	1	23	0
0.9	0.9	35	0
0.95	0.2	43	0
1	0.9	36	0
1.05	0.7	42	0
1.1	0.8	54	0
1.15	0.4	30	0
1.2	0.4	23	0
1.25	0.1	28	0
1.3	0.1	29	0
1.35	1.1	24	0
1.4	0.4	15	0
1.45	0.3	7	0
1.5	0.3	5	0
1.55	0.3	5	0	
1.6	0.3	5	0	
1.65	0.3	6	0	
1.7	0.3	8	0	
1.75	0.3	7	0	
1.8	0.2	7	0	
1.85	0.3	8	0	18.49
1.9	0.3	8	0	
1.95	0.3	8	0	
2	0.3	6	0	
2.05	0.3	7	0	
2.1	0.3	6	0	
2.15	0.4	6	0	
2.2	0.3	6	0	
2.25	0.3	7	0	
2.3	0.4	7	0	
2.35	0.4	8	0
2.4	0.4	8	0
2.45	0.3	8	0
2.5	0.4	8	0
2.55	0.4	8	0
2.6	0.4	10	0
2.65	0.3	12	0
2.7	0.4	13	0
2.75	0.4	8	0
2.8	0.4	17	0
2.85	0.4	21	0
2.9	0.4	25	0
2.95	0.6	32	0
3	0.6	38	0
3.05	0.7	44	0
3.1	0.9	51	0
3.15	1	63	0
3.2	1	73	0
3.25	1.4	86	0
3.3	1.5	88	0
3.35	1.5	84	0
3.4	1.5	80	0
3.45	1.5	84	0
3.5	1.6	88	0
3.55	1.7	88	0
3.6	1.7	87	0
3.65	1.6	73	0
3.7	1.7	81	0
3.75	1.7	81	0	34.6
3.8	1.8	85	0
3.85	1.9	83	0
3.9	1.9	78	0
3.95	1.8	80	0	
4	1.7	70	0	
4.05	1.6	62	0	
4.1	1.6	57	0	
4.15	1.5	54	0	
4.2	1.5	50	0	
4.25	1.5	46	0	
4.3	1.4	47	0	
4.35	1.3	47	0	
4.4	1.3	44	0	
4.45	1.2	43	0	
4.5	1.2	39	0	
4.55	1.2	41	0	
4.6	1.2	40	0	
4.65	1.2	42	0	
4.7	1.2	40	0	
4.75	1.2	36	0
4.8	1.1	34	0
4.85	1.2	34	0
4.9	1.2	35	0
4.95	1.1	34	0
5	0.9	33	0
5.05	1	35	0
5.1	1.1	32	0
5.15	1.2	30	0
5.2	1.1	27	0
5.25	1.1	33	0
5.3	1.2	20	0
5.35	1	28	0
5.4	1.1	21	0
5.45	1.3	32	0
5.5	1.5	23	0
5.55	2	19	0	
5.6	2.2	43	0	
5.65	2.3	28	0	
5.7	2.2	27	0	
5.75	1.9	28	0	
5.8	1.8	11	0	
5.85	1.2	27	0	47.14
5.9	0.5	20	0	
5.95	0.9	35	0	
6	0.8	33	0	
6.05	1.3	39	0	
6.1	1.7	39	0	
6.15	2	38	0	
6.2	1.9	33	0.1	
6.25	1.7	25	0.1	
6.3	1.5	24	0.1	
6.35	1.2	26	0.1
6.4	1	44	0.1
6.45	1.8	67	0.1
6.5	2.3	87	0.1
6.55	2.7	97	0.1
6.6	2.6	87	0.1
6.65	2.4	75	0.1
6.7	2.2	74	0.1
6.75	2.1	93	0.1
6.8	2.1	100	0.1
6.85	2	90	0.1
6.9	2.2	81	0.1
6.95	2.6	80	0.1
7	2.8	77	0.1
7.05	2.5	75	0.1
7.1	2.6	69	0.2
7.15	2.4	83	0.2
7.2	2.4	88	0.2
7.25	2.4	92	0.2
7.3	2.3	89	0.2
7.35	2	78	0.2
7.4	2.1	68	0.2
7.45	2.2	69	0.2
7.5	2.2	72	0.2
7.55	1.9	79	0.2
7.6	1.8	81	0.2
7.65	1.7	71	0.2
7.7	1.6	58	0.2
7.75	1.5	46	0.3	58.28
7.8	1.5	47	0.3
7.85	1.4	37	0.3
7.9	1.1	34	0.3
7.95	1	35	0.3	
8	1.1	28	0.3	
8.05	1.1	28	0.3	
8.1	1.4	31	0.3	
8.15	2.1	28	0.3	
8.2	2.6	61	0.3	
8.25	4.8	73	0.3	
8.3	6.4	57	0.3	
8.35	7.8	68	0.4	
8.4	8.7	91	0.4	
8.45	9.6	116	0.4	
8.5	10.6	73	0.4	
8.55	11.1	30	0.4	
8.6	10.3	31	0.4	
8.65	7.6	60	0.4	
8.7	4.7	19	0.4	
8.75	2.8	11	0.4
8.8	2	16	0.4
8.85	1.8	26	0.4
8.9	10.28	199.6	0.47
8.95	13.06	172.6	0.47
9	14.91	198.1	0.47
9.05	16.13	243.8	0.48
9.1	17.63	268	0.48
9.15	18.98	233.9	0.48
9.2	19.46	172.1	0.49
9.25	19.5	189.3	0.49
9.3	19.4	226.2	0.5
9.35	19.68	263	0.53
9.4	20.61	309.6	0.51
9.45	21.67	356.4	0.51
9.5	22.68	325.8	0.54
9.55	23.71	296.5	0.52	
9.6	24.6	290.9	0.51	
9.65	25.89	286.4	0.51	
9.7	27.02	310	0.51	
9.75	26.92	373.4	0.51	67.57
9.8	26.51	210.6	0.51	
9.85	26.27	251.2	0.49	
9.9	21.33	252	0.5	
9.95	19.21	242.4	0.46	
10	18.48	283.9	0.54	
10.05	18.92	315.6	0.5	
10.1	18.48	198.6	0.5	
10.15	16.42	121.4	0.45	
10.2	12.37	72.1	0.47	
10.25	8.73	75.2	0.47	
10.3	7.8	107.4	0.46	
10.35	5.44	122.5	0.51
10.4	4.08	98.7	0.5
10.45	2.08	83.4	0.51
10.5	3.29	31.7	0.54
10.55	2.36	71.9	0.57
10.6	2.11	47.5	0.57
10.65	2.11	47.1	0.56
10.7	2.13	50.3	0.56
10.75	2.16	49.5	0.49
10.8	2.02	48.9	0.47
10.85	1.97	20.7	0.48
10.9	1.83	18.9	0.47
10.95	0.3	18.6	0.54
11	0.3	18.6	0.53
11.05	0.3	19.7	0.55
11.1	0.3	22.9	0.53
11.15	0.4	42.2	0.53
11.2	0.4	45.4	0.53
11.25	0.56	65.4	0.53
11.3	0.96	68.9	0.53
11.35	1.41	64.8	0.53
11.4	1.87	66.7	0.53
11.45	1.76	89.5	0.54
11.5	2.03	125.5	0.46
11.55	2.36	105	0.55
11.6	1.73	90.1	0.45
11.65	1.81	62.3	0.45
11.7	1.96	48.4	0.45
11.75	1.56	41.9	0.45	72.93
11.8	1.49	59.5	0.45
11.85	1.47	64.2	0.45
11.9	1.65	54.4	0.45
11.95	1.32	44.7	0.45	
12	1.36	36.8	0.46	
12.05	1.43	33.8	0.45	
12.1	1.33	11.9	0.45	
12.15	1.6	10.5	0.45	
12.2	0.35	10	0.46	
12.25	0.35	22.8	0.46	
12.3	0.34	37.5	0.46	
12.35	0.94	36.4	0.43	
12.4	2.23	41	0.43	
12.45	2.4	46.8	0.43	
12.5	2.44	55.6	0.43	
12.55	2.63	69	0.43	
12.6	2.69	81.2	0.42	
12.65	2.67	68.7	0.42	
12.7	2.56	73.5	0.42	
12.75	2.39	69.3	0.41
12.8	2.82	75.2	0.41
12.85	2.9	84.1	0.41
12.9	2.98	88.4	0.43
12.95	3.03	103.6	0.44
13	3.06	107.8	0.44
13.05	2.68	110.8	0.45
13.1	2.59	97.8	0.44
13.15	2.25	92.4	0.44
13.2	2.25	83.9	0.44
13.25	2.07	69.2	0.44
13.3	1.78	62.9	0.45
13.35	1.77	18	0.45
13.4	1.83	16.8	0.45
13.45	0.76	19.1	0.45
13.5	0.77	17.9	0.45
13.55	0.57	17.6	0.45
13.6	0.78	16.1	0.45
13.65	0.69	17.8	0.46
13.7	0.68	18.2	0.46
13.75	0.69	17.8	0.46
13.8	0.69	17.9	0.46
13.85	0.69	17.9	0.46
13.9	0.63	18.9	0.46
13.95	0.7	18.2	0.45
14	0.69	18.1	0.46
14.05	0.69	17	0.46
14.1	0.71	15.9	0.45
14.15	0.7	16.4	0.45
14.2	0.62	17.7	0.46
14.25	0.64		
14.3	0.64		
