File name:	Oak037
Date:	2/1/1999	
UTM Grid Zone:	10S	
"UTM-X, m:"	568707	
"UTM-Y, m:"	4174246	
Datum:	1927 NAD	
"Elevation, m:"	1.5	 
"Total depth, m:"	21.50	
"Water depth, m:"		 
City:	Oakland	
County:	Alameda	
State:	CA	
USGS Quadrangle:	San Leandro	
Cone No.:	660	
Source:	USGS	
"Surface horiz. offset (seismic source to CPT), m:"	0.96	

Depth (m)	Tip Resistance (MN/m2)	Sleeve Friction (kN/m2)	Inclination (degree)	S-wave travel time (ms)
0.05	10.09	55.6	0.03	
0.1	18.8	124.5	0.11	
0.15	11.97	157.9	-0.03	
0.2	7.62	151.4	0.02	
0.25	5.88	180.2	0.02	
0.3	4.38	134.2	0.02	
0.35	3.62	108.1	0.02	
0.4	3.33	106	0.03	
0.45	3.31	90.1	0.03	
0.5	1.38	100.5	0.03	
0.55	1.52	68.5	0.03	
0.6	2.94	110.4	0.04	
0.65	3.67	142.1	0.03	
0.7	2.57	112	0.03	
0.75	1.16	95.6	0.04
0.8	1.72	122	0.05
0.85	1.55	84.2	0.05
0.9	1.93	89.8	0.06
0.95	2.91	77.2	0.05
1	1.01	87.1	0.05
1.05	1.74	75.2	0.05
1.1	1.57	156.9	0.04
1.15	6.35	269.1	0.06
1.2	9.54	253.9	0.05
1.25	9.33	329.5	0.06
1.3	8.47	251.6	0.05
1.35	6.62	189.7	0.07
1.4	8.88	160.6	0.06
1.45	10.81	166.2	0.12
1.5	12.17	166.1	0.16
1.55	13.2	154.1	0.16	
1.6	13.32	140.9	0.2	
1.65	13.19	120.2	0.22	
1.7	13.1	122.8	0.26	
1.75	12.53	120.2	0.36	12.93
1.8	12.37	120.4	0.35	
1.85	11.79	120.3	0.36	
1.9	11.2	106.5	0.42	
1.95	11.01	102.8	0.43	
2	10.63	104.6	0.43	
2.05	10.03	115.1	0.68	
2.1	9.71	111.6	0.69	
2.15	7.73	120.5	0.69	
2.2	4.19	103.7	0.71	
2.25	1.47	91.2	0.75	
2.3	0.67	65.2	0.77	
2.35	-0.18	46.8	0.85
2.4	-0.29	20.8	0.91
2.45	-0.33	18.6	0.93
2.5	-0.01	24.6	0.98
2.55	0.04	29.5	0.99
2.6	-0.16	36.6	0.99
2.65	7.51	34.3	1.05
2.7	3.6	37.3	1.06
2.75	2.02	42.3	1.3
2.8	0.52	41.9	1.34
2.85	-0.14	32.3	1.3
2.9	-0.34	16.6	1.37
2.95	-0.37	15.3	1.42
3	-0.39	14.5	1.5
3.05	-0.39	14.7	1.54
3.1	-0.37	14.2	1.56
3.15	-0.36	14.9	1.58
3.2	-0.34	15.2	1.61
3.25	-0.31	16	1.68
3.3	-0.4	17.5	1.69
3.35	-0.36	19.4	1.73
3.4	-0.11	27.5	1.75
3.45	-0.01	51.1	1.8
3.5	4.67	53	1.84
3.55	5.39	38.6	1.74
3.6	4.13	27.5	1.78
3.65	1	21.7	1.79
3.7	0.01	33.4	1.83
3.75	-0.28	27.6	1.86	28.64
3.8	-0.27	22.9	1.92
3.85	-0.38	21.7	1.92
3.9	-0.21	21.4	1.95
3.95	-0.19	29.5	1.95	
4	-0.2	27.8	1.96	
4.05	-0.41	28.6	2.14	
4.1	-0.33	29	2.14	
4.15	-0.11	27.7	2.14	
4.2	-0.04	26	2.17	
4.25	-0.01	23.8	2.17	
4.3	-0.14	23	2.21	
4.35	-0.22	25	2.23	
4.4	-0.41	24	2.24	
4.45	-0.41	28	2.28	
4.5	-0.33	30.6	2.28	
4.55	-0.38	32.2	2.36	
4.6	-0.29	34.2	2.35	
4.65	-0.37	34.1	2.37	
4.7	-0.35	33.2	2.37	
4.75	-0.45	30.2	2.37
4.8	-0.41	29.7	2.49
4.85	-0.4	30.6	2.49
4.9	-0.33	30.7	2.53
4.95	-0.3	31.4	2.58
5	-0.46	30.5	2.6
5.05	-0.39	29.9	2.65
5.1	-0.49	30.1	2.66
5.15	-0.31	30.1	2.67
5.2	-0.29	28.7	2.69
5.25	-0.39	27.9	2.7
5.3	-0.48	26.8	2.8
5.35	-0.48	26.7	2.8
5.4	-0.41	27.2	2.81
5.45	-0.4	27.7	2.86
5.5	-0.38	31.1	2.87
5.55	-0.34	27.7	2.88	
5.6	0.25	25.3	2.91	
5.65	0.18	27.2	2.91	
5.7	-0.1	27.5	2.93	
5.75	-0.09	27.9	2.95	49.74
5.8	-0.19	27.1	3.04	
5.85	-0.09	26.9	3.08	
5.9	-0.42	29.1	3.08	
5.95	-0.09	32.9	3.11	
6	0.09	31.4	3.12	
6.05	0.01	27.7	3.14	
6.1	-0.04	29.1	3.19	
6.15	-0.22	25.2	3.18	
6.2	0.02	27.3	3.21	
6.25	-0.33	29.5	3.22	
6.3	-0.2	26.7	3.22	
6.35	0.54	35.6	3.26
6.4	0.37	38.6	3.27
6.45	0.75	43.1	3.28
6.5	0.78	38.7	3.29
6.55	0.78	38.8	3.3
6.6	1.75	43.1	3.29
6.65	1.46	48.3	3.3
6.7	0.71	56.8	3.34
6.75	0.01	48.2	3.34
6.8	-0.37	37.6	3.32
6.85	-0.13	30.4	3.32
6.9	0.71	44.3	3.31
6.95	1.48	48.8	3.3
7	2.02	51.9	3.3
7.05	2.53	54.2	3.3
7.1	2	53	3.3
7.15	2.08	47.9	3.29
7.2	2.08	53.7	3.29
7.25	2.13	48.8	3.21
7.3	2.32	45.2	3.22
7.35	3.65	60.3	3.19
7.4	3.98	77.9	3.08
7.45	2.98	95.2	3.08
7.5	2.23	81	3.06
7.55	3.33	92.7	3.04
7.6	4.55	99.1	3.03
7.65	2.63	115.1	3.01
7.7	2.51	106.2	2.95
7.75	3.75	85.1	2.95	61.28
7.8	2.63	77.8	2.92
7.85	2.48	76.9	2.94
7.9	2.64	86.8	2.94
7.95	2.64	128.5	2.94	
8	2.77	131.8	3.02	
8.05	2.39	136.4	2.94	
8.1	2.22	139.1	2.94	
8.15	2.1	142.8	2.95	
8.2	1.72	134.3	2.95	
8.25	1.39	121.3	2.95	
8.3	1.47	109	2.96	
8.35	1.39	106.1	2.97	
8.4	1.2	99.4	2.97	
8.45	1.07	104.2	3.01	
8.5	0.8	80.8	3.01	
8.55	0.52	63.2	3.01	
8.6	0.46	54.8	3.01	
8.65	0.59	63.6	3.02	
8.7	0.65	75.5	3.02	
8.75	0.74	77	3
8.8	0.82	73.7	3.02
8.85	0.68	75.2	3.02
8.9	0.55	68.7	3.02
8.95	0.51	62.7	3.01
9	0.25	55	3.01
9.05	0.3	52.9	3.02
9.1	0.38	59.3	3.02
9.15	0.68	69.4	3.02
9.2	0.75	75.3	3.02
9.25	0.86	78.7	3.02
9.3	0.76	77.2	3.02
9.35	0.76	79.5	3.02
9.4	0.9	74.8	3.02
9.45	0.96	71.9	3.02
9.5	0.99	61.3	3.02
9.55	0.99	54.1	3.02	
9.6	0.83	57.9	3.06	
9.65	0.96	77.3	3.04	
9.7	1.1	66.3	3.04	
9.75	1.48	58.1	3.82	73.02
9.8	1.24	48.8	3.84	
9.85	1.1	54.5	3.88	
9.9	1.77	82.8	3.89	
9.95	2.24	148.9	3.93	
10	2.38	180.7	3.96	
10.05	2.15	187.5	4.08	
10.1	2.1	180.3	4.1	
10.15	1.99	182.4	4.1	
10.2	1.82	174.4	4.1	
10.25	1.78	158.2	4.1	
10.3	1.67	147.3	4.1	
10.35	1.81	138	4.1
10.4	1.88	138.7	4.1
10.45	1.97	148.8	4.1
10.5	2.4	146.2	4.1
10.55	2.45	143.5	4.1
10.6	2.26	127.4	4.11
10.65	2.2	133.2	4.11
10.7	1.65	121.9	4.11
10.75	1.57	119.3	4.11
10.8	1.57	99.3	4.11
10.85	1.44	95.3	4.12
10.9	1.03	89.1	4.11
10.95	1.12	94.6	4.11
11	1.29	94.9	4.11
11.05	1.29	109.7	4.12
11.1	1.49	111.8	4.11
11.15	1.61	118.1	4.95
11.2	1.41	116.1	4.92
11.25	1.17	114.1	5.12
11.3	1.18	97.7	5.14
11.35	0.99	94.4	5.16
11.4	0.8	91.1	5.22
11.45	0.49	87.5	5.31
11.5	0.49	71.2	5.34
11.55	0.41	59.7	5.4
11.6	0.61	54.6	5.5
11.65	0.87	60.2	5.49
11.7	1.08	69.4	5.52
11.75	1.19	78.4	5.53	82.96
11.8	1.21	80.4	5.58
11.85	1.26	93.2	5.64
11.9	1.63	100.6	5.63
11.95	1.66	127	5.65	
12	1.72	127.1	5.68	
12.05	1.52	127.9	5.74	
12.1	1.17	118.5	5.72	
12.15	1.14	104.4	5.73	
12.2	0.86	84.1	5.73	
12.25	0.61	64.2	5.75	
12.3	0.56	57	5.76	
12.35	0.47	57.3	5.76	
12.4	0.33	54.1	5.76	
12.45	0.32	46.9	5.78	
12.5	0.29	46.2	5.78	
12.55	0.34	47	6.4	
12.6	0.37	49.1	6.42	
12.65	0.37	55	6.43	
12.7	0.37	55.5	6.43	
12.75	0.32	55.7	6.48
12.8	0.28	56.4	6.57
12.85	0.3	54.1	6.55
12.9	0.33	55.9	6.55
12.95	0.39	58.4	6.56
13	0.4	59.6	6.56
13.05	0.56	57.3	6.75
13.1	0.5	56.4	6.78
13.15	0.46	52.9	6.8
13.2	0.36	43.7	6.83
13.25	0.41	44.2	6.89
13.3	0.59	42.5	6.92
13.35	0.55	51	6.96
13.4	0.98	65.4	7.06
13.45	1.23	73.3	7.14
13.5	1.3	83.9	7.19
13.55	1.76	95.1	7.27	
13.6	2.09	108.8	7.32	
13.65	2.24	115.8	7.32	
13.7	2.19	127.9	7.37	
13.75	1.53	127.1	7.43	94.91
13.8	1.94	120.7	7.44	
13.85	1.54	113.7	7.46	
13.9	1.48	103.1	7.46	
13.95	1.4	103.4	7.49	
14	1.31	98.3	7.5	
14.05	1.1	88.7	7.52	
14.1	0.88	77	7.53	
14.15	0.67	69.7	7.57	
14.2	0.67	64.5	7.57	
14.25	0.62	60.8	7.58	
14.3	0.57	59.2	7.58	
14.35	0.65	64.8	7.58
14.4	1.1	50	7.58
14.45	0.77	50	7.59
14.5	0.89	50.2	7.59
14.55	0.96	61	7.59
14.6	1.13	66	7.61
14.65	1.52	54	7.59
14.7	1.2	57.9	7.59
14.75	0.93	53.4	7.85
14.8	0.78	59.2	7.85
14.85	0.85	65	7.85
14.9	0.91	70.6	7.88
14.95	0.8	69.8	7.91
15	0.81	70.3	7.92
15.05	0.95	80.5	7.92
15.1	1.23	94.6	7.92
15.15	1.67	100.4	8.03
15.2	1.76	118.2	8.06
15.25	1.85	127	8.07
15.3	1.94	121.1	8.08
15.35	1.74	104.7	8.08
15.4	1.49	87.9	8.08
15.45	1.35	77.4	8.1
15.5	1.46	81.1	8.11
15.55	1.66	96.1	8.11
15.6	1.87	111.9	8.12
15.65	1.82	122.8	8.12
15.7	1.68	135.7	8.12
15.75	1.47	127.7	8.19
15.8	1.49	120.7	8.18
15.85	1.34	100.4	8.21
15.9	1.13	93	8.22
15.95	1.29	85.6	8.23	
16	1.32	87.6	8.24	104.46
16.05	1.27	99	8.43	
16.1	1.25	99	8.43	
16.15	0.05	66	4.5	
16.2	1.9	71	4.6	
16.25	1.8	71	4.6	
16.3	1.6	57	4.6	
16.35	1.6	56	4.5	
16.4	1.6	49	4.5	
16.45	1.6	47	4.5	
16.5	1.4	52	4.5	
16.55	1.6	49	4.5	
16.6	1.5	46	4.5	
16.65	1.5	43	4.5	
16.7	1.3	42	4.5	
16.75	1.3	36	4.5
16.8	1.3	29	4.5
16.85	1.3	28	4.5
16.9	1.3	32	4.51
16.95	1.3	33	4.5
17	1.3	29	4.5
17.05	1.65	45.1	4.71
17.1	1.56	35.5	4.72
17.15	1.49	30	4.72
17.2	1.52	30.1	4.76
17.25	1.6	29.3	4.8
17.3	1.61	27.7	4.81
17.35	1.54	26	4.83
17.4	1.55	31.3	4.82
17.45	1.66	27.7	4.95
17.5	1.62	29.6	4.95
17.55	1.88	25.5	5.01	
17.6	2.01	28.4	5.02	
17.65	2.12	46.1	5.07	
17.7	2.49	34	5.06	
17.75	2.37	71.2	5.13	
17.8	2.78	86.5	5.14	
17.85	3.77	57.9	5.17	
17.9	4.7	57.6	5.14	
17.95	3.6	59.7	5.12	
18	3.6	142.8	5.12	112.76
18.05	3.64	179.5	5.12	
18.1	6.77	130.2	5.12	
18.15	6.12	108.5	5.12	
18.2	3.61	95.1	5.13	
18.25	2.51	41.3	5.16	
18.3	1.47	37.2	5.15	
18.35	1.27	42.1	5.22
18.4	1.18	78.2	5.25
18.45	2.54	103.1	5.25
18.5	2.56	100.7	5.24
18.55	1.54	61.6	5.37
18.6	0.69	31.4	5.49
18.65	0.31	17.7	5.59
18.7	0.12	8.2	5.68
18.75	0.13	6	5.7
18.8	0.24	5.2	5.74
18.85	0.32	6.9	5.77
18.9	0.53	12	5.79
18.95	0.71	15	5.91
19	0.69	15.2	5.94
19.05	0.76	13.2	5.94
19.1	0.79	25.8	6.09
19.15	0.74	22.8	6.14
19.2	1.01	12.1	6.15
19.25	0.67	6	6.16
19.3	0.65	2.1	6.29
19.35	0.69	-0.8	6.3
19.4	0.47	-3.4	6.36
19.45	0.38	-5.8	6.42
19.5	0.35	-4.3	6.53
19.55	0.48	-7.8	6.57
19.6	0.46	-7.2	6.61
19.65	0.36	15.9	6.62
19.7	0.99	70.3	6.65
19.75	3.11	145.9	6.69
19.8	5.94	158.7	6.68
19.85	8.7	88.9	6.69
19.9	8.82	216.8	6.71
19.95	8.39	314.1	6.75	
20	7.04	337.8	6.75	119.89
20.05	10.08	231.2	6.74	
20.1	12.15	92.6	6.79	
20.15	11.29	112.8	6.87	
20.2	8.43	164	6.92	
20.25	4.18	157.6	6.95	
20.3	6.42	124	6.96	
20.35	8.24	202.5	7.01	
20.4	9.2	190.9	7.03	
20.45	13.2	186.1	7.07	
20.5	15.28	165.1	7.07	
20.55	15.12	222.5	7.13	
20.6	15.18	249.4	7.18	
20.65	15.57	291	7.23	
20.7	19.01	255.1	7.28	
20.75	23.06	152.1	7.29	
20.8	23.57	123	7.32	
20.85	22.6	186.9	7.37	
20.9	18.12	405.5	7.45	
20.95	12.6	465.8	7.46	
21	10.15	505.6	7.47	
21.05	10.92	317.2	7.51	
21.1	7.5	273.1	7.54	
21.15	4.96	257.2	7.65	
21.2	2.56	140.7	7.68	
21.25	1.79	61.3	7.78	
21.3	1.88	62.5	7.76	
21.35	1.68	120.5	7.78	
21.4	7.12	99.4	7.97	
21.45	10.44		8.13	
21.5	8.01		8.2	125.06
