File name:	Oak038
Date:	2/1/1999	
UTM Grid Zone:	10S	
"UTM-X, m:"	569905	
"UTM-Y, m:"	4174877	
Datum:	1927 NAD	
"Elevation, m:"	1.5	 
"Total depth, m:"	19.05	
"Water depth, m:"		 
City:	Oakland	
County:	Alameda	
State:	CA	
USGS Quadrangle:	San Leandro	
Cone No.:	660tc	
Source:	USGS	
"Surface horiz. offset (seismic source to CPT), m:"	0.96	

Depth (m)	Tip Resistance (MN/m2)	Sleeve Friction (kN/m2)	Inclination (degree)	S-wave travel time (ms)
0.05	1.79	107	0.02	
0.1	3.63	166.6	0.03	
0.15	3.14	199.2	0.02	
0.2	3.23	173.4	0.03	
0.25	6.79	205.2	0.03	
0.3	7.13	140.4	0.02	
0.35	5.92	105.5	0.03	
0.4	4.76	131.1	0.02	
0.45	6.02	227	0.05	
0.5	4.15	122.1	0.33	
0.55	3.09	58.1	0.34	
0.6	5.39	74.8	0.72	
0.65	7.14	67	0.71	
0.7	6.33	82.1	0.8	
0.75	5.12	116.1	0.87
0.8	3.79	111.1	0.86
0.85	2.53	103.7	0.86
0.9	1.81	96.6	0.87
0.95	1.18	93.6	0.87
1	1.39	69.7	0.87
1.05	0.81	53.1	0.87
1.1	0.42	31.8	0.87
1.15	0.46	25.4	0.86
1.2	0.54	26.7	0.87
1.25	0.47	17	0.89
1.3	0.16	13.7	0.88
1.35	0.16	14	1.05
1.4	0.32	20.8	1.09
1.45	0.23	33.2	1.1
1.5	2.13	28.5	1.13
1.55	3.71	29.6	1.13	
1.6	3.89	35.1	1.15	
1.65	3.49	38.1	1.14	
1.7	3.19	29.7	1.15	
1.75	3.02	25.7	1.33	15.91
1.8	2.96	26.4	1.37	
1.85	2.58	29.6	1.37	
1.9	2.44	20.9	1.38	
1.95	1.79	16.5	1.38	
2	1.41	24.4	1.46	
2.05	0.5	19.6	1.49	
2.1	0.17	12.3	1.46	
2.15	0.08	8.1	1.57	
2.2	0.08	4.6	1.57	
2.25	0.06	4.8	1.61	
2.3	0.05	4.1	1.6	
2.35	0.05	4.5	1.7
2.4	0.03	4.7	1.73
2.45	0.12	5.4	1.76
2.5	0.02	4.9	1.74
2.55	0.06	5.4	1.75
2.6	0.08	5	1.81
2.65	0.09	8.2	1.82
2.7	0.11	11.8	1.82
2.75	2.78	15.4	1.88
2.8	3.4	20.3	1.91
2.85	3.17	20.6	1.9
2.9	2.77	18.9	1.9
2.95	2.22	20.4	1.9
3	1.71	20.1	1.91
3.05	1.85	18.1	1.91
3.1	1.92	21	1.91
3.15	2.4	24.3	1.92
3.2	3.29	21.2	2
3.25	3.93	22	2.1
3.3	3.81	31	2.11
3.35	2.36	47.2	2.11
3.4	0.95	38.7	2.19
3.45	0.37	21.2	2.21
3.5	0.22	6.7	2.22
3.55	0.16	7	2.22
3.6	0.14	8.4	2.23
3.65	0.15	7.2	2.36
3.7	0.17	12.3	2.34
3.75	0.28	9.8	2.34	33.81
3.8	1.06	9	2.38
3.85	1.24	11	2.36
3.9	1.16	12.7	2.42
3.95	1.33	23	2.44	
4	1.04	26.7	2.47	
4.05	0.82	20.7	2.46	
4.1	0.4	15	2.46	
4.15	0.45	7.8	2.48	
4.2	0.54	9	2.46	
4.25	0.63	8.3	2.46	
4.3	0.71	7.3	2.46	
4.35	0.62	7.9	2.46	
4.4	0.6	11.2	2.47	
4.45	0.52	11.6	2.47	
4.5	0.99	6.3	2.47	
4.55	0.73	8.6	2.47	
4.6	0.68	9.2	2.78	
4.65	0.94	6.1	2.84	
4.7	0.7	3	2.84	
4.75	0.42	8.7	2.84
4.8	0.25	4.7	2.84
4.85	0.48	4.8	2.87
4.9	0.28	7.4	2.86
4.95	0.32	8.6	2.9
5	0.26	9.3	2.94
5.05	0.21	8.2	2.96
5.1	0.13	5.8	2.97
5.15	0.07	2.8	2.97
5.2	0.07	1.5	3.06
5.25	0.2	4.9	3.13
5.3	0.76	7	3.24
5.35	0.58	7.8	3.24
5.4	0.56	8.4	3.24
5.45	0.83	12.4	3.48
5.5	0.54	12.9	3.47
5.55	0.62	11.5	3.49	
5.6	0.85	20.9	3.5	
5.65	1.52	19	3.51	
5.7	2.45	7.2	3.47	
5.75	2.63	8.5	3.52	47.84
5.8	1.16	12.6	3.53	
5.85	1.28	7.2	3.52	
5.9	1.45	31.8	3.53	
5.95	1.15	17.9	3.53	
6	2.54	28.1	3.48	
6.05	3.32	30.5	3.47	
6.1	4.68	37.4	3.51	
6.15	6.3	44.5	3.53	
6.2	7.96	49.2	3.53	
6.25	9.3	57.2	3.53	
6.3	10.08	71.7	3.53	
6.35	10.7	79.2	3.53
6.4	11.42	92.7	3.55
6.45	11.8	99.5	3.53
6.5	12.28	143.1	3.53
6.55	12.95	182.9	3.53
6.6	13.95	244.3	3.53
6.65	13.19	321	3.53
6.7	7.68	239.3	3.52
6.75	4.78	151.4	3.53
6.8	4.66	87.9	3.54
6.85	5.2	86.9	3.52
6.9	5.51	80	3.53
6.95	5.18	123.7	3.53
7	4.55	59.9	3.53
7.05	4.59	49.8	3.81
7.1	2.92	61.4	3.82
7.15	2.41	73.1	3.82
7.2	1.89	77.9	3.82
7.25	1.72	67.6	3.82
7.3	1.42	63.2	3.82
7.35	1.66	61.3	3.82
7.4	1.74	89	3.92
7.45	2.59	121.2	3.9
7.5	5.54	158.5	3.93
7.55	7.74	137	3.92
7.6	9.28	100.7	3.92
7.65	10.04	43.1	3.93
7.7	9.56	43.5	3.93	54.34
7.75	7.48	51	3.93
7.8	4.32	34.2	3.92
7.85	2.1	15.1	3.93
7.9	1.16	19.3	3.93
7.95	0.99	16.5	4.02	
8	0.97	19.7	4.04	
8.05	1.11	23.6	4.07	
8.1	1.09	32.5	4.04	
8.15	1.17	38.1	4.04	
8.2	1.15	44.8	4.04	
8.25	1.19	52.6	4.04	
8.3	1.19	60.9	4.05	
8.35	1.18	63.3	4.05	
8.4	1.11	63	4.04	
8.45	1.01	53.8	4.04	
8.5	0.92	40.3	4.04	
8.55	0.76	26.4	4.05	
8.6	0.72	14.9	4.04	
8.65	0.75	16.9	4.07	
8.7	0.78	19.2	4.05	
8.75	0.99	32.1	4.03
8.8	1.38	49.4	4.04
8.85	1.77	69.5	4.04
8.9	1.91	84.5	4.05
8.95	2.07	95.9	4.04
9	2.12	110.6	4.04
9.05	2.32	128	4.05
9.1	2.33	134.8	4.05
9.15	2.38	138.3	4.5
9.2	2.46	146.7	4.5
9.25	2.47	148.6	4.5
9.3	2.45	147.4	4.5
9.35	2.84	141.4	4.5
9.4	2.55	142.3	4.5
9.45	2.45	133.8	4.5
9.5	2.31	130.7	4.5
9.55	2.42	119.8	4.49	
9.6	2.52	113.8	4.5	
9.65	2.35	99.5	4.5	
9.7	2.31	87.4	4.53	65.37
9.75	2.15	84.4	4.52	
9.8	2.08	80.2	4.54	
9.85	1.98	78.5	4.55	
9.9	1.92	84.2	4.95	
9.95	1.75	78.3	4.95	
10	1.56	70.7	5	
10.05	1.35	57.5	5.01	
10.1	1.28	51.3	5.01	
10.15	1.28	46.3	5.01	
10.2	1.36	43.4	5.01	
10.25	1.29	34.3	5.01	
10.3	1.19	28.5	5.01	
10.35	1.11	26.1	5.01
10.4	1.17	29.1	5.02
10.45	1.26	30.8	5.03
10.5	1.23	28.8	5.09
10.55	1.23	25	5.1
10.6	1.25	25.4	5.13
10.65	1.35	24.9	5.11
10.7	1.44	28.5	5.11
10.75	1.43	35.2	5.12
10.8	1.45	34.4	5.24
10.85	1.41	34.5	5.29
10.9	1.4	44.2	5.31
10.95	1.62	27.6	5.33
11	1.36	29.9	5.34
11.05	1.32	100	5.4
11.1	2.62	124.8	5.43
11.15	4.06	90.1	5.55	
11.2	2.43	76.6	5.56	
11.25	1.84	40.8	5.57	
11.3	1.71	50.8	5.64	
11.35	1.65	78.8	5.65	
11.4	4.42	125.8	5.73	
11.45	4.34	202.7	5.74	
11.5	5.43	141.6	5.78	
11.55	12.01	62.7	5.79	
11.6	11.65	59.6	5.8	
11.65	6.61	148.1	5.83	75.71
11.7	3.08	144.9	5.84	
11.75	1.9	133.6	5.9	
11.8	1.99	129.5	5.9	
11.85	3.57	180.4	5.93	
11.9	4.05	183.2	5.94	
11.95	7.28	209.4	6.02
12	7.95	195.1	6.03
12.05	6.3	180.6	6.13
12.1	4.88	191.5	6.14
12.15	4.58	136.4	6.19
12.2	2.9	74.3	6.14
12.25	1.66	53.4	6.14
12.3	1.88	75.4	6.14
12.35	2.98	123.9	6.14
12.4	4.34	150.2	6.15
12.45	2.95	117.2	6.15
12.5	2.07	117	6.21
12.55	5.41	210.8	6.21
12.6	7.01	240.9	6.21
12.65	12.05	302.2	6.22
12.7	12.09	250	6.22
12.75	12.05	231.3	6.22
12.8	9.25	168.7	6.23
12.85	4.58	224.8	6.22
12.9	4.14	268.7	6.22
12.95	9.79	231.6	6.23
13	15.19	185.5	6.22
13.05	13.09	312.1	6.23
13.1	11.2	238.1	6.23
13.15	11.61	245.8	6.22
13.2	13.1	140.4	6.21
13.25	12.93	147.2	6.22
13.3	12.96	125.5	6.22
13.35	13.59	69.9	6.22
13.4	13.39	47.2	6.22
13.45	11.27	107	6.48
13.5	10.06	169.1	6.52
13.55	10.11	182.4	6.52	
13.6	12.05	212.5	6.53	
13.65	14.31	160.1	6.53	84.77
13.7	16.73	110.7	6.55	
13.75	16.16	92.5	6.56	
13.8	14.86	124.3	6.58	
13.85	13.98	151.5	6.59	
13.9	14.34	184.4	6.62	
13.95	16.58	206.5	6.74	
14	18.24	202.7	6.75	
14.05	20.15	237.8	6.76	
14.1	21.09	199.3	6.77	
14.15	22.85	204.9	6.77	
14.2	23.75	185.5	6.78	
14.25	23.64	164	6.8	
14.3	23.05	143.4	6.8	
14.35	22.32	123.7	6.81
14.4	21.33	114.1	6.82
14.45	19.86	73.9	6.8
14.5	17.67	62.7	6.82
14.55	13.72	113.8	6.82
14.6	7.71	132.9	6.85
14.65	4.17	89	6.85
14.7	3	57.2	6.84
14.75	3.05	56.7	6.84
14.8	3.08	71.6	6.84
14.85	3.01	76.9	6.87
14.9	2.98	85.2	6.84
14.95	2.84	88.2	6.85
15	2.88	87.4	6.85
15.05	2.95	103.8	6.85
15.1	3.01	120.9	6.83
15.15	3.21	129.2	6.85	
15.2	3.21	134.8	6.85	
15.25	2.78	127.6	6.85	
15.3	2.51	117.1	6.85	
15.35	2.58	99.3	6.85	
15.4	2.57	96.2	6.85	
15.45	2.37	97.3	6.85	
15.5	2.34	95.7	6.85	
15.55	2.27	101.1	6.87	
15.6	1.93	89.3	6.87	
15.65	1.73	68.8	6.87	93.52
15.7	1.72	65.1	6.87	
15.75	2.33	90	6.87	
15.8	2.99	74.7	6.85	
15.85	2.4	86.9	6.87	
15.9	1.78	90.4	6.86	
15.95	2.01	76	6.86
16	1.73	66.5	6.86
16.05	1.7	53.6	6.87
16.1	1.66	59.1	6.86
16.15	1.56	56.7	6.86
16.2	1.62	52.7	6.86
16.25	1.64	47.1	6.86
16.3	1.58	42.6	6.86
16.35	1.61	43.7	6.87
16.4	1.4	48.8	6.87
16.45	1.55	50.8	6.87
16.5	1.6	51	6.87
16.55	1.61	53.2	6.87
16.6	1.51	47.9	6.87
16.65	1.57	43.6	6.87
16.7	1.44	40.5	6.87
16.75	1.46	37.3	6.88
16.8	1.49	34.6	6.85
16.85	1.59	35.3	6.88
16.9	1.63	37.8	6.88
16.95	1.63	41.5	6.88
17	1.71	41.1	6.88
17.05	1.71	46.1	6.88
17.1	1.38	48	6.88
17.15	1.6	45.7	6.89
17.2	1.54	41.7	7.51
17.25	1.38	34.6	7.53
17.3	1.42	28.6	7.53
17.35	1.29	24.5	7.54
17.4	1.28	26	7.54
17.45	1.44	28.2	7.55
17.5	1.48	34.8	7.56
17.55	1.5	36.5	7.54	
17.6	1.48	48.9	7.58	
17.65	2.07	52.2	7.57	103.07
17.7	2.54	26.3	7.54	
17.75	1.3	21.8	7.58	
17.8	1.09	30	7.59	
17.85	1.46	54.1	7.76	
17.9	1.6	45.8	7.77	
17.95	1.64	42.2	7.88	
18	1.42	33.5	7.88	
18.05	1.42	33.2	7.89	
18.1	1.46	14.4	7.89	
18.15	1.57	45.8	7.89	
18.2	1.04	56.7	7.96	
18.25	1.94	49.8	8.01	
18.3	1.8	34	8.02	
18.35	1.58	24.3	8.03	
18.4	1.44	29.1	8.03	
18.45	1.43	31.1	8.03	
18.5	1.48	35.5	8.04	
18.55	1.4	36.6	8.04	
18.6	1.39	38	8.04	
18.65	1.41	36	8.04	
18.7	1.37	33.2	8.04	
18.75	1.48	31.7	8.05	
18.8	1.54	37.4	8.13	107.24
18.85	1.58	38.7	8.14	
18.9	1.66	41.6	8.17	
18.95	1.68	40.4	8.19	
19	1.7		8.18	
19.05	1.71		8.34	
