File name:	Oak041
Date:	2/5/1999	
UTM Grid Zone:	10S	
"UTM-X, m:"	568305	
"UTM-Y, m:"	4177187	
Datum:	1927 NAD	
"Elevation, m:"	1.5	 
"Total depth, m:"	26.80	
"Water depth, m:"	Artesian flow	 
City:	Oakland	
County:	Alameda	
State:	CA	
USGS Quadrangle:	San Leandro	
Cone No.:	660tc	
Source:	USGS	
"Surface horiz. offset (seismic source to CPT), m:"	0.96	

Depth (m)	Tip Resistance (MN/m2)	Sleeve Friction (kN/m2)	Inclination (degree)	S-wave travel time (ms)
0.05	2.59	49.7	0.03	
0.1	4.32	105.6	0.03	
0.15	21.22	63.4	0.03	
0.2	19.47	166.7	0.05	
0.25	14.85	236	0.05	
0.3	13.46	235.1	0.06	
0.35	25.33	307.9	0.06	
0.4	24.41	294.2	0.04	
0.45	15.67	263.6	0.03	
0.5	9.94	171.4	0.03	
0.55	5.88	208.4	0.02	
0.6	6.19	156.2	0.02	
0.65	1.76	117.3	0.03	
0.7	1.54	47	0.02	
0.75	1.55	49.4	0.03
0.8	1.23	42.9	0.03
0.85	0.67	30.7	0.03
0.9	0.61	34.8	0.03
0.95	0.66	40.4	0
1	0.63	45.5	0.03
1.05	0.57	43.2	0.03
1.1	0.49	35.2	0.03
1.15	0.39	26.8	0.03
1.2	0.32	22.5	0.01
1.25	0.27	20.7	0.03
1.3	0.22	20.3	0.03
1.35	0.27	21.8	0.01
1.4	0.36	22.9	0.03
1.45	0.32	22.1	0.03
1.5	0.23	18.1	0.03
1.55	0.18	15.6	0.03	
1.6	0.22	16.5	0.02	
1.65	0.22	16	0.03	
1.7	0.24	12.5	0.02	13.92
1.75	0.22	12.6	0.03	
1.8	0.3	12.7	0.03	
1.85	0.25	14.3	0.02	
1.9	0.19	14.5	0.03	
1.95	0.14	11	0.02	
2	0.21	9.4	0.02	
2.05	0.22	9	0.03	
2.1	0.21	8.8	0.03	
2.15	0.24	7.3	0.02	
2.2	0.21	6.5	0.03	
2.25	0.2	7.1	0.03	
2.3	0.19	5.5	0.03	
2.35	0.18	4.9	0.03
2.4	0.21	4.4	0.03
2.45	0.14	4.2	0.03
2.5	0.19	4.3	0.03
2.55	0.24	3.9	0.03
2.6	0.19	4	0.03
2.65	0.17	4	0.02
2.7	0.2	4.8	0.02
2.75	0.2	4.6	0.03
2.8	0.22	3.9	0.02
2.85	0.18	2.8	0.03
2.9	0.18	2.6	0.03
2.95	0.15	2.7	0.03
3	0.17	2.8	0.02
3.05	0.16	2.6	0.02
3.1	0.17	2.6	0.03
3.15	0.17	3	0.02
3.2	0.18	2.6	0.03
3.25	0.19	2.6	0.02
3.3	0.15	2.7	0.02
3.35	0.16	2.6	0.02
3.4	0.18	2.3	0.02
3.45	0.15	2.7	0.03
3.5	0.21	2	0.03
3.55	0.17	2.4	0.03
3.6	0.18	2.8	0.02
3.65	0.06	2.5	0.03
3.7	0.18	2.4	0.02	37.58
3.75	0.19	2.6	0.02
3.8	0.2	2.8	0.02
3.85	0.2	2.8	0.03
3.9	0.2	3.7	0.03
3.95	0.2	2.6	0.03	
4	0.22	2.5	0.03	
4.05	0.21	2.1	0.03	
4.1	0.19	2.6	0.05	
4.15	0.19	2.7	0.03	
4.2	0.22	2.4	0.03	
4.25	0.16	2.4	0.02	
4.3	0.2	2.1	0.03	
4.35	0.21	2.5	0.03	
4.4	0.23	2.6	0.02	
4.45	0.22	3.4	0.03	
4.5	0.25	4	0.01	
4.55	0.29	3.3	0.03	
4.6	0.28	3.7	0.03	
4.65	0.25	5.5	0.02	
4.7	0.61	4.3	0.03	
4.75	0.46	4	0.03
4.8	0.31	6.7	0.03
4.85	0.31	3.7	0.03
4.9	0.34	1.4	0.03
4.95	0.32	2.8	0.03
5	0.28	3.1	0.03
5.05	0.17	0.2	0.02
5.1	0.31	2.9	0.02
5.15	0.33	3	0.02
5.2	0.2	2.8	0.02
5.25	0.34	3.8	0.05
5.3	0.33	1.8	0.01
5.35	0.4	3.4	0.03
5.4	0.44	2.4	0.03
5.45	0.34	1.9	0.03
5.5	0.32	1.2	0.03
5.55	0.23	2.4	0.03	
5.6	0.21	4.3	0.02	
5.65	0.44	5.4	0.03	
5.7	0.58	4	0.04	
5.75	0.44	3.2	0.03	
5.8	0.56	5	0.03	61.81
5.85	0.48	7.9	0.02	
5.9	0.65	9.4	0.03	
5.95	0.68	7.6	0.03	
6	0.65	4.4	0.03	
6.05	0.33	3.7	0.03	
6.1	0.4	3.5	0.03	
6.15	0.38	5	0.03	
6.2	0.48	4.7	0.03	
6.25	0.44	6.4	0.03	
6.3	0.48	4.1	0.03	
6.35	0.28	4.3	0.01
6.4	0.52	3.1	0.03
6.45	0.43	4.1	0.03
6.5	0.26	3.2	0.03
6.55	0.18	5.1	0.03
6.6	0.38	3.8	0.03
6.65	0.42	3.5	0.03
6.7	0.33	3.9	0.04
6.75	0.29	4.4	0.03
6.8	0.27	4.5	0.03
6.85	0.28	3.8	0.03
6.9	0.26	4.1	0.03
6.95	0.33	4.7	0.03
7	0.29	4.7	0.03
7.05	0.3	4.6	0.03
7.1	0.3	6.3	0.03
7.15	0.32	12.5	0.03
7.2	0.42	20	0.03
7.25	0.84	31.2	0.03
7.3	1.14	42.9	0.03
7.35	1.21	48.9	0.03
7.4	1.22	43.2	0.03
7.45	1.22	32.7	0.04
7.5	1.25	34.7	0.03
7.55	1.28	38.8	0.03
7.6	1	30.5	0.03
7.65	0.95	16	0.03
7.7	0.71	26.4	0.03	75.96
7.75	0.88	28	0.03
7.8	1.94	23.4	0.02
7.85	0.94	21.8	0.04
7.9	0.72	18.4	0.03
7.95	0.7	17.5	0.03	
8	0.76	25.1	0.03	
8.05	1.08	20.3	0.03	
8.1	0.74	15	0.02	
8.15	0.59	9.4	0.03	
8.2	0.54	7.5	0.03	
8.25	0.51	8.2	0.03	
8.3	0.54	3.4	0.03	
8.35	0.61	7.9	0.03	
8.4	0.44	17.6	0.02	
8.45	0.88	25.4	0.02	
8.5	1.37	36.5	0.03	
8.55	1.11	20.9	0.02	
8.6	1.32	39.3	0.03	
8.65	1.3	47.5	0.03	
8.7	3.27	45.4	0.01	
8.75	3.78	78.7	0.03
8.8	3.59	76.5	0.03
8.85	4.18	75.6	0.03
8.9	5.46	122.1	0.04
8.95	6.14	112.5	0.02
9	5.72	122.5	0.04
9.05	6.17	177.8	0.03
9.1	8.14	121.3	0.03
9.15	7.97	100.6	0.01
9.2	9.19	107.4	0.03
9.25	10.1	119	0.03
9.3	11.1	112.5	0.03
9.35	12.53	144	0.03
9.4	13.37	103.1	0.03
9.45	13	115.3	0.03
9.5	14.51	90.7	0.02
9.55	14.87	110.4	0.03	
9.6	11.39	158.6	0.03	
9.65	5.28	97.5	0.03	
9.7	2.34	76.9	0.03	85.13
9.75	2.1	91.1	0.03	
9.8	2.19	98.7	0.03	
9.85	1.91	81.8	0.03	
9.9	1.9	98.2	0.03	
9.95	1.65	94.4	0.03	
10	1.97	79.1	0.03	
10.05	1.75	63.6	0.02	
10.1	9.15	116.3	0.03	
10.15	11.97	166.9	0.02	
10.2	15.96	207.6	0.03	
10.25	20.5	329.9	0.03	
10.3	20.89	344.8	0.02	
10.35	21.78	180.7	0.02
10.4	18.84	143.5	0.02
10.45	16.49	226.9	0.03
10.5	17.61	264.2	0.02
10.55	18.84	218.1	0.02
10.6	17.09	177.1	0.02
10.65	14.89	144	0.03
10.7	12.54	52.2	0.03
10.75	11.39	26.7	0.03
10.8	8.8	18.3	0.03
10.85	7.26	31.2	0.04
10.9	5.76	43.2	0.03
10.95	5.94	56.9	0.04
11	9	56	0.05
11.05	16.66	64	0.05
11.1	20.01	90.2	0.05
11.15	20.57	112.8	0.06	
11.2	20.78	140.9	0.06	
11.25	21.03	156.2	0.06	
11.3	21.03	110.8	0.06	
11.35	20.73	78.8	0.06	
11.4	20.29	72.4	0.06	
11.45	19.46	66.6	0.06	
11.5	17.36	72.4	0.06	
11.55	14.81	83.6	0.08	
11.6	13.94	88.6	0.06	
11.65	17.08	76.1	0.06	91.62
11.7	20.46	78.6	0.06	
11.75	22.63	59.7	0.06	
11.8	23.58	64.9	0.08	
11.85	22.17	77.6	0.09	
11.9	16.63	104.3	0.11	
11.95	9.72	201	0.09
12	4.72	161.9	0.09
12.05	2.82	106.3	0.1
12.1	2.46	98.1	0.1
12.15	3.26	72.7	0.1
12.2	9.71	59.9	0.1
12.25	12.33	71.3	0.12
12.3	12.43	84.4	0.12
12.35	13.79	81.2	0.09
12.4	15.24	54.7	0.11
12.45	14.41	58	0.12
12.5	12.9	141.3	0.11
12.55	14.34	140.1	0.13
12.6	15.68	140.1	0.15
12.65	18.64	152.8	0.15
12.7	18.16	77.4	0.16
12.75	19.08	77.3	0.16
12.8	19.34	57.7	0.18
12.85	19.48	58.8	0.17
12.9	18.84	68.5	0.17
12.95	17.35	85.4	0.17
13	16.66	108.4	0.17
13.05	17.73	178.5	0.17
13.1	18.39	185.1	0.13
13.15	18.2	132.8	0.08
13.2	17.46	60.9	0.06
13.25	17.63	74.1	0.05
13.3	17.11	53.8	0.04
13.35	18.35	58.3	0.04
13.4	17.33	60	0.03
13.45	16.49	44.4	0.03
13.5	15.03	55.3	0.03
13.55	15.46	50.6	0.03	
13.6	16.49	60.2	0.01	98.82
13.65	15.99	64.4	0.02	
13.7	17.17	87.2	0.02	
13.75	17.94	17.3	0.02	
13.8	18.12	42.6	0.01	
13.85	9.97	95	0.02	
13.9	14.71	91.7	0.03	
13.95	10.78	158.4	0.02	
14	7.11	159.1	0.03	
14.05	3.46	148.2	0.02	
14.1	1.67	72	0.02	
14.15	1.57	43.1	0.02	
14.2	1.72	38.5	0.03	
14.25	2.39	46.6	0.03	
14.3	2.33	47.2	0.02	
14.35	2.34	75.5	0.03
14.4	4.13	75.9	0.02
14.45	5.56	52.9	0.02
14.5	2.8	40.1	0.05
14.55	1.77	35.3	0.03
14.6	1.81	38.8	0.02
14.65	1.89	47.4	0.01
14.7	2.13	61.6	0.03
14.75	2.38	80.2	0.03
14.8	2.6	87.1	0.03
14.85	2.76	82.6	0.02
14.9	2.6	78.7	0.03
14.95	2.49	80.2	0.03
15	2.76	80.6	0.03
15.05	2.61	71.4	0.02
15.1	2.46	69.8	0.03
15.15	2.56	68.9	0.03	
15.2	2.44	75.7	0.03	
15.25	2.44	83.2	0.03	
15.3	2.92	86.8	0.03	
15.35	2.77	87.6	0.02	
15.4	2.8	85.8	0.02	
15.45	2.99	90.1	0.02	
15.5	3.07	104.2	0.02	
15.55	2.9	104.3	0.02	106.28
15.6	2.52	99.1	0.03	
15.65	2.38	79.5	0.03	
15.7	2.48	72.7	0.04	
15.75	2.58	67.7	0.03	
15.8	2.8	78.9	0.07	
15.85	2.81	80.7	0.03	
15.9	2.95	75.7	0.02	
15.95	2.77	74.6	0.01
16	2.58	75.9	0.02
16.05	2.57	68.7	0.03
16.1	2.79	63.6	0.03
16.15	2.72	63	0.02
16.2	2.63	67	0.02
16.25	2.45	72.1	0.03
16.3	2.22	62.1	0.03
16.35	2.08	65.3	0.03
16.4	2.11	68.8	0.02
16.45	2.38	74.6	0.03
16.5	2.63	78.2	0.03
16.55	2.73	78.7	0.03
16.6	2.87	75.2	0.03
16.65	2.9	74.3	0.03
16.7	2.86	72.3	0.03
16.75	2.94	75.3	0.03
16.8	2.74	78.6	0.04
16.85	2.87	79.7	0.05
16.9	2.84	69.4	0.03
16.95	2.63	56	0.03
17	2.55	51.8	0.03
17.05	2.55	52.7	0.03
17.1	2.57	56.8	0.03
17.15	2.55	59.8	0.03
17.2	2.56	57.4	0.03
17.25	2.52	53	0.03
17.3	2.43	58.3	0.03
17.35	2.37	62.6	0.03
17.4	2.33	62	0.03
17.45	2.3	59.4	0.03
17.5	2.14	52.8	0.03
17.55	2.01	41.3	0.03	115.66
17.6	1.93	33.4	0.03	
17.65	1.76	32.1	0.03	
17.7	1.73	41.3	0.05	
17.75	1.9	50.6	0.02	
17.8	2.13	68.9	0.03	
17.85	2.6	77.6	0.03	
17.9	2.39	80.6	0.03	
17.95	2.3	71.4	0.02	
18	2.04	63.7	0.03	
18.05	1.84	52.6	0.03	
18.1	1.86	40.9	0.03	
18.15	1.73	30.2	0.05	
18.2	1.59	22.2	0.03	
18.25	1.58	21.7	0.03	
18.3	1.68	29.8	0.03	
18.35	1.88	31.4	0.03
18.4	1.58	33.5	0.01
18.45	1.64	25.1	0.03
18.5	1.56	16.4	0.03
18.55	1.51	21.2	0.03
18.6	1.56	26.1	0.03
18.65	1.74	29.2	0.01
18.7	1.71	27.8	0.03
18.75	1.55	24.4	0.03
18.8	1.38	16.8	0.05
18.85	1.54	10.1	0.03
18.9	1.26	12	0.03
18.95	1.65	20.1	0.03
19	1.98	21.8	0.01
19.05	2.38	44	0.03
19.1	3.14	85.5	0
19.15	3.98	148.7	0.03	
19.2	5.78	134.9	0.03	
19.25	6.1	87.5	0.03	
19.3	4.3	45.8	0.03	
19.35	2.16	40.7	0.03	
19.4	2.03	47.3	0.03	
19.45	2.42	72.7	0.03	
19.5	3.46	87.5	0.02	
19.55	3.15	95.5	0.03	126
19.6	4.01	86.1	0.03	
19.65	3.33	88.5	0.02	
19.7	2.64	82.4	0.03	
19.75	2.45	91.2	0.03	
19.8	2.84	84.8	0.03	
19.85	2.92	74.2	0.07	
19.9	2.23	51.2	0.07	
19.95	2.1	37.3	0.08
20	2.15	43.6	0.08
20.05	2.4	35.1	0.08
20.1	2.31	38	0.1
20.15	2.17	33	0.08
20.2	2.19	35.2	0.08
20.25	2.04	51.5	0.08
20.3	2.57	58.5	0.08
20.35	3.23	91.1	0.08
20.4	3.95	96.3	0.08
20.45	3.88	92.9	0.08
20.5	3.43	84.7	0.08
20.55	3.62	91.1	0.08
20.6	3.64	70.2	0.08
20.65	2.45	67.5	0.08
20.7	1.8	78	0.08
20.75	3.09	88.9	0.07
20.8	3.73	80.2	0.09
20.85	3	51.9	0.09
20.9	2.11	35.7	0.1
20.95	2.06	47.5	0.09
21	2.46	53.2	0.09
21.05	3.85	54.1	0.09
21.1	3.06	31.3	0.09
21.15	2.36	29	0.1
21.2	2.09	53	0.09
21.25	2.63	65.3	0.12
21.3	3.42	50.8	0.1
21.35	3.02	72.9	0.09
21.4	2.43	115.5	0.09
21.45	4.31	144	0.1
21.5	4.61	168.8	0.09
21.55	8.19	185	0.1	129.74
21.6	6.56	156.9	0.12	
21.65	5.07	91.1	0.16	
21.7	1.89	55.3	0.16	
21.75	1.86	32.2	0.16	
21.8	1.72	23.3	0.16	
21.85	1.28	35	0.16	
21.9	1.98	43.1	0.16	
21.95	1.94	44.4	0.17	
22	1.87	44.7	0.17	
22.05	1.88	46.7	0.16	
22.1	1.88	48.9	0.17	
22.15	1.86	52.3	0.13	
22.2	1.93	52	0.17	
22.25	1.89	58.9	0.17	
22.3	2.01	64.4	0.17	
22.35	2.08	67.6	0.17
22.4	2.18	69	0.17
22.45	2.4	73.9	0.17
22.5	2.68	74.4	0.17
22.55	2.73	79.6	0.17
22.6	3.08	95	0.17
22.65	3.24	119.4	0.17
22.7	3.08	110	0.17
22.75	2.89	88.3	0.16
22.8	2.76	73.2	0.17
22.85	2.73	76.3	0.17
22.9	2.69	84.1	0.17
22.95	2.52	82.8	0.17
23	2.44	76.8	0.16
23.05	2.4	71.1	0.17
23.1	2.25	68.4	0.17
23.15	2.34	69.8	0.17	
23.2	2.39	72	0.17	
23.25	2.21	61	0.18	
23.3	2.16	48.7	0.17	
23.35	2.27	46.6	0.17	
23.4	1.97	59.2	0.17	
23.45	2.19	62.6	0.17	
23.5	2.23	60.5	0.17	
23.55	2.33	59.6	0.17	137.5
23.6	2.42	56.1	0.17	
23.65	2.48	50.4	0.16	
23.7	2.64	48.7	0.17	
23.75	2.62	18.6	0.17	
23.8	2.62	62.3	0.17	
23.85	2.18	69.4	0.17	
23.9	3.25	83.5	0.17	
23.95	3.43	89.4	0.17
24	3.77	106.5	0.17
24.05	4.22	55.7	0.17
24.1	3.44	56.9	0.17
24.15	3.9	111.7	0.17
24.2	5.14	123.9	0.17
24.25	4.76	102.5	0.17
24.3	4.08	75.3	0.17
24.35	3.49	51.4	0.17
24.4	3	35.4	0.17
24.45	2.67	34.8	0.17
24.5	2.62	42.1	0.17
24.55	2.72	57.9	0.17
24.6	3.18	41.1	0.17
24.65	2.7	51.7	0.16
24.7	2.76	72.6	0.17
24.75	3.85	63.4	0.16
24.8	3.54	55.6	0.17
24.85	2.93	168.1	0.17
24.9	3.93	208.5	0.17
24.95	7	242.9	0.17
25	6.03	178.8	0.17
25.05	4.37	190.7	0.17
25.1	3.3	166.6	0.17
25.15	3.45	138.3	0.17
25.2	3.94	162.9	0.17
25.25	4.56	125.4	0.17
25.3	4	86.7	0.18
25.35	2.67	79.9	0.17
25.4	2.04	170.5	0.17
25.45	3.28	200	0.17
25.5	8.98	175.3	0.67
25.55	14.82	147.6	0.64	142
25.6	13.72	451.8	0.77	
25.65	42.34	508.4	1.37	
25.7	43.45	613.5	1.49	
25.75	43.01	441.9	1.75	
25.8	41.22	470.3	1.92	
25.85	22.21	507.9	2	
25.9	41	345.8	2.09	
25.95	45.65	188.8	2.13	
26	44.03	232.4	2.13	
26.05	39.86	253.1	2.29	
26.1	36.59	313.3	2.27	
26.15	32.74	392.2	2.28	
26.2	35.01	482.3	2.28	
26.25	44.1	583.8	2.29	
26.3	47.26	608.2	2.3	
26.35	47.87	472.5	2.31	
26.4	46.51	370.4	2.32	
26.45	50.33	589.7	2.31	
26.5	43.74	384.6	2.34	
26.55	40.8	576.8	2.61	146.22
26.6	49.77	413.6	2.28	
26.65	42.79	268.4	2.24	
26.7	41.01	224.3	2.09	
26.75	40.46		2.08	
26.8	42.89		2.15	
