File name:	Oak044
Date:	2/8/1999	
UTM Grid Zone:	10S	
"UTM-X, m:"	568960	
"UTM-Y, m:"	4172884	
Datum:	1927 NAD	
"Elevation, m:"	0.5	 
"Total depth, m:"	11.90	
"Water depth, m:"	>0.2	 
City:	Oakland	
County:	Alameda	
State:	CA	
USGS Quadrangle:	San Leandro	
Cone No.:	660tc	
Source:	USGS	
"Surface horiz. offset (seismic source to CPT), m:"	0.96	

Depth (m)	Tip Resistance (MN/m2)	Sleeve Friction (kN/m2)	Inclination (degree)	S-wave travel time (ms)
0.05	2.67	36	0.05	
0.1	16.55	83.4	0.28	
0.15	16.48	212.9	0.19	
0.2	9.96	285.2	0.22	
0.25	15.87	339.7	0.19	
0.3	20.98	315.7	0.15	
0.35	18.01	414.6	0.2	
0.4	15.88	335.2	0.21	
0.45	15.09	314.1	0.27	
0.5	14.49	303.1	0.24	
0.55	12.57	369.9	0.24	
0.6	11.2	323.2	0.24	
0.65	8.55	251.3	0.24	
0.7	7.49	111.3	0.23	
0.75	10.1	222.6	0.23
0.8	5.53	431.2	0.2
0.85	9.27	282	0.04
0.9	4.42	107.1	0.03
0.95	2.61	77.7	0.05
1	1.18	41.6	0.02
1.05	0.59	31.2	0.02
1.1	1.6	45.5	0.02
1.15	1.05	34.4	0.02
1.2	1.77	28.9	0.02
1.25	5.16	32	0.02
1.3	4.74	40.5	0.02
1.35	3.23	37	0.02
1.4	2.8	25.6	0.03
1.45	1.47	24.4	0.04
1.5	0.56	15.1	0.03
1.55	0.14	4.1	0.02	
1.6	0.33	3.4	0.02	
1.65	0.23	3.6	0.02	
1.7	0.2	3.3	0.03	
1.75	0.2	1.5	0.02	9.55
1.8	0.16	1.2	0.03	
1.85	0.02	0	0.1	
1.9	-0.03	1.3	0.06	
1.95	0.05	0.9	0.03	
2	0.09	1.5	0.04	
2.05	0.2	1.1	0.03	
2.1	0.19	0.9	0.03	
2.15	0.2	1.1	0.03	
2.2	0.19	0.8	0.04	
2.25	0.26	1.1	0.04	
2.3	0.03	0.9	0.04	
2.35	0.2	0.9	0.05
2.4	0.22	1	0.05
2.45	0.2	0.6	0.05
2.5	0.2	0.4	0.03
2.55	0.2	0.5	0.08
2.6	0.22	0.8	0.04
2.65	0.23	0.6	0.1
2.7	0.22	0.7	0.08
2.75	0.31	0.8	0.07
2.8	0.27	0.9	0.07
2.85	0.27	0.8	0.07
2.9	0.28	1	0.03
2.95	0.3	3	0.09
3	0.3	1.1	0.1
3.05	0.36	1.2	0.11
3.1	0.33	1	0.11
3.15	0.42	0.9	0.11
3.2	0.31	1.1	0.11
3.25	0.32	1.1	0.11
3.3	0.35	0.8	0.12
3.35	0.29	1.6	0.11
3.4	0.35	0.9	0.11
3.45	0.31	1.1	0.11
3.5	0.27	1	0.15
3.55	0.27	1.3	0.15
3.6	0.33	1.3	0.15
3.65	0.45	1	0.15
3.7	0.54	1.5	0.16
3.75	0.31	1.2	0.15	36.79
3.8	0.31	1.2	0.16
3.85	0.3	0.9	0.17
3.9	0.28	0.6	0.18
3.95	0.28	0.6	0.17	
4	0.81	0.1	0.18	
4.05	1.46	8.2	0.27	
4.1	0.77	6.7	0.28	
4.15	0.39	2.1	0.29	
4.2	0.39	0.5	0.29	
4.25	0.41	0.1	0.29	
4.3	0.33	0.2	0.29	
4.35	0.34	0.6	0.29	
4.4	0.35	0.8	0.3	
4.45	0.37	1	0.32	
4.5	0.35	1.3	0.32	
4.55	0.18	0.8	0.32	
4.6	0.43	1.4	0.32	
4.65	0.48	2.2	0.32	
4.7	0.44	2	0.32	
4.75	0.58	4.1	0.32
4.8	0.7	2.4	0.44
4.85	0.89	2	0.39
4.9	1.32	2	0.37
4.95	1.32	3.6	0.45
5	0.78	32.2	0.46
5.05	1.74	28	0.47
5.1	2.2	20.3	0.58
5.15	2.22	5.6	0.63
5.2	1.42	2.4	0.63
5.25	1.31	3.9	0.63
5.3	1.4	3.1	0.63
5.35	1.76	2.8	0.64
5.4	2.18	2.8	0.62
5.45	2.2	2.7	0.63
5.5	2.25	3.7	0.64
5.55	2.42	4.5	0.66	
5.6	2.89	5.3	0.67	
5.65	3.42	18.3	0.67	
5.7	3.57	28.7	0.67	55.54
5.75	3.27	20.6	0.66	
5.8	2.55	21.3	0.67	
5.85	1.69	33.2	0.67	
5.9	1.94	45.5	0.65	
5.95	2.69	54.1	0.66	
6	3.3	57.9	0.81	
6.05	2.95	60.5	0.82	
6.1	3.11	50.1	0.84	
6.15	3.2	52.2	0.85	
6.2	2.98	50.6	1.12	
6.25	2.62	55.7	1.17	
6.3	2.8	57.5	1.21	
6.35	2.76	52.5	1.44
6.4	3.14	42.2	1.53
6.45	3.73	33.3	1.56
6.5	3.69	20.6	1.58
6.55	3.86	12.3	1.64
6.6	3.6	13	1.64
6.65	3.38	10.4	1.74
6.7	3.26	6.8	1.8
6.75	3.25	7.3	1.81
6.8	3.31	9.3	1.81
6.85	3.64	32.6	1.81
6.9	4.44	58.2	1.85
6.95	2.5	70	2.31
7	2.87	66.5	2.28
7.05	2.84	68.4	2.28
7.1	2.64	64.3	2.28
7.15	2.42	57.7	2.28	
7.2	2.18	46.7	2.29	
7.25	2.09	38.7	2.29	
7.3	2.01	40.6	2.29	
7.35	2.02	36.4	2.3	
7.4	2.09	26.9	2.3	
7.45	1.91	20.7	2.3	
7.5	1.89	18	2.3	
7.55	1.89	20.3	2.3	
7.6	1.77	20.2	2.31	
7.65	1.76	19.2	2.31	68.3
7.7	1.78	14.4	2.31	
7.75	1.63	14	2.31	
7.8	1.73	10.5	2.34	
7.85	1.77	44.6	2.31	
7.9	1.71	41.6	2.31	
7.95	1.98	26.5	2.36
8	2.02	11.6	2.36
8.05	2.12	15.3	2.36
8.1	2.23	22.5	2.41
8.15	2.1	32.1	2.42
8.2	2.05	32.3	2.48
8.25	1.99	27	2.51
8.3	1.82	19.7	2.53
8.35	1.66	11.5	2.52
8.4	1.56	6.1	2.54
8.45	1.44	4.2	2.53
8.5	1.55	4.6	2.53
8.55	1.82	5.7	2.53
8.6	2.16	6	2.53
8.65	2.45	16.9	2.53
8.7	2.63	40.2	2.54
8.75	2.85	63.9	2.67
8.8	3.01	97.1	2.69
8.85	3.1	130.4	2.69
8.9	3.1	142.5	2.7
8.95	2.81	135.3	2.7
9	2.54	126.6	2.7
9.05	2.53	119	2.98
9.1	2.49	106.1	2.98
9.15	2.15	95.3	2.99
9.2	2	82.1	2.99
9.25	1.8	69.2	2.98
9.3	1.55	61.7	2.99
9.35	1.36	51.9	2.99
9.4	1.24	39.6	2.99
9.45	1.16	25.3	2.99
9.5	1.1	17.2	2.99
9.55	1.28	18.2	2.99	
9.6	1.62	24.4	3.02	
9.65	1.62	21.1	2.99	77.17
9.7	1.62	22.6	2.97	
9.75	1.5	16.7	2.98	
9.8	1.22	11.3	2.97	
9.85	1.08	28.5	2.97	
9.9	1.11	26.1	2.97	
9.95	1.18	24.7	2.9	
10	1.22	20.1	2.9	
10.05	1.26	19.5	2.9	
10.1	1.18	21.9	2.9	
10.15	1.12	17.3	2.9	
10.2	1.14	17.1	2.9	
10.25	1.19	20.7	2.9	
10.3	1.24	24.8	2.9	
10.35	1.18	22.6	2.9
10.4	1.14	14.7	2.9
10.45	1.04	6.7	2.9
10.5	1.2	10.9	2.9
10.55	1.41	8.4	2.91
10.6	1.25	9.3	2.9
10.65	0.91	9.7	2.91
10.7	1.11	8.1	2.91
10.75	1.18	9.2	2.91
10.8	1.16	6.5	2.91
10.85	1.14	5.6	2.93
10.9	1.22	4.3	3.15
10.95	1.16	4.9	3.15
11	1.18	6.8	3.16
11.05	1.24	10.4	3.15
11.1	1.18	7.8	3.17
11.15	1.15	4.4	3.17	
11.2	1.33	7.6	3.17	
11.25	1.55	17.6	3.17	
11.3	1.64	23.4	3.27	
11.35	1.54	23.7	3.26	
11.4	1.72	18.2	3.25	
11.45	1.61	21.1	3.26	
11.5	1.86	32.3	3.26	
11.55	1.93	41.2	3.27	
11.6	1.92	42.7	3.29	
11.65	2.04	47	3.3	86.45
11.7	2.32	53.2	3.3	
11.75	2.52	57.2	3.31	
11.8	2.25	54.9	3.32	
11.85	2.12		3.32	
11.9	1.92		3.32	
